0 1 24.826689774696707 23.944136027272933
0 2 35.22530329289428 34.47498971704742
0 3 42.59098786828423 42.6412917485455
0 4 47.87694974003466 47.84038630796803
0 5 51.12651646447141 50.666373993423754
0 6 54.2894280762565 54.175707423422104
0 7 57.40901213171578 57.35494462512214
0 8 57.885615251299825 57.97998425661315
0 9 59.31542461005199 59.24154490130955
0 10 59.1421143847487 59.292531237090294
1 1 24.220103986135182 22.478451147788256
1 2 37.26169844020797 36.99969229242735
1 3 43.327556325823224 42.95510873817561
1 4 46.70710571923743 46.503449418300114
1 5 51.08318890814558 51.35413325813343
1 6 53.20623916811091 53.414965312809
1 7 55.93587521663779 56.126159801800625
1 8 57.842287694974004 57.943033632453535
1 9 58.925476603119584 59.28485210922232
1 10 59.8786828422877 60.03647077282213
2 1 24.48006932409012 23.144772937041502
2 2 36.17850953206239 35.27109625321745
2 3 44.62738301559792 44.28659542210129
2 4 49.74003466204506 49.67442882223163
2 5 52.12305025996534 52.19045624288263
2 6 54.24610051993067 54.42484639388848
2 7 54.76603119584056 55.22569966186831
2 8 56.10918544194108 56.29255247181315
2 9 58.27556325823223 58.47234613238054
2 10 59.18544194107452 59.40668941729308
3 1 25.30329289428076 24.648976815026966
3 2 35.918544194107454 35.00202582839297
3 3 43.500866551126514 42.73598253826925
3 4 47.79029462738302 46.95155244166996
3 5 51.03986135181976 50.65363055156952
3 6 53.81282495667244 53.908093664342815
3 7 55.892547660311955 56.0292994237096
3 8 57.019064124783355 57.36567507627712
3 9 58.622183708838826 58.83185957713542
3 10 59.7053726169844 59.86726631159895
4 1 26.083188908145583 24.11464446295854
4 2 35.39861351819758 34.32836458023928
4 3 42.93760831889081 41.88600498006339
4 4 46.447140381282495 45.55347915445691
4 5 51.08318890814558 50.92854136306646
4 6 54.2894280762565 54.2789399862475
4 7 57.149046793760824 57.109452865753326
4 8 57.798960138648184 57.68255055464755
4 9 58.27556325823223 58.40331059950492
4 10 58.795493934142115 58.92385888710871
5 1 23.960138648180244 22.935312744257736
5 2 36.871750433275565 35.62574025084042
5 3 44.23743500866551 43.76758749624028
5 4 47.96360485268631 47.66069364752101
5 5 50.38994800693241 50.21161566399467
5 6 53.552859618717505 53.61101920267974
5 7 54.37608318890814 54.5071480798606
5 8 57.105719237435004 57.24631137377999
5 9 58.27556325823223 58.52367235946423
5 10 59.1421143847487 59.34171890252564
6 1 24.956672443674176 22.87980659768839
6 2 35.831889081455806 34.91155819589372
6 3 43.67417677642981 42.43475761252539
6 4 47.87694974003466 47.279224394916085
6 5 51.25649913344888 50.8198789215394
6 6 54.46273830155979 54.684612258890134
6 7 55.84922010398613 56.09777085105377
6 8 57.19237435008665 57.593983247083855
6 9 57.842287694974004 58.13417195616351
6 10 58.622183708838826 58.80350856429899
7 1 26.646447140381284 25.55164089521014
7 2 37.8682842287695 36.81154544866517
7 3 44.280762564991335 43.96555462963022
7 4 48.440207972270365 48.32254569167779
7 5 52.25303292894281 52.454653118520135
7 6 54.67937608318891 54.938002080844015
7 7 56.499133448873486 56.4503358009124
7 8 57.538994800693246 57.67622069689759
7 9 58.795493934142115 59.09468389276198
7 10 58.925476603119584 59.175141593662815
8 1 25.12998266897747 23.36339335990703
8 2 36.091854419410744 34.76403498775794
8 3 43.67417677642981 42.73841774294834
8 4 48.18024263431543 47.85335132639584
8 5 51.386481802426346 51.142982313943875
8 6 54.1161178509532 53.764888127544765
8 7 56.1525129982669 56.052790801279826
8 8 57.06239168110918 57.13024316485097
8 9 59.27209705372617 59.292288013975
8 10 60.52859618717504 60.80292875424854
9 1 27.4263431542461 26.246280919498354
9 2 37.088388214904676 36.08856755385602
9 3 45.363951473136915 45.11563687308502
9 4 49.78336221837088 49.51694220723985
9 5 54.80935875216638 55.189535737461235
9 6 56.19584055459272 56.4041095249554
9 7 57.885615251299825 58.12300358956561
9 8 58.752166377816295 58.90441883744902
9 9 59.66204506065858 59.95792032458313
9 10 60.78856152512998 61.1422793730646
10 1 25.953206239168107 24.657276178545327
10 2 36.56845753899481 35.424272356917804
10 3 42.7209705372617 42.11612886680807
10 4 48.570190641247834 48.042430881025595
10 5 51.03986135181976 50.63766992980718
10 6 52.85961871750433 52.6733228620159
10 7 56.629116117850955 56.75061064026367
10 8 57.538994800693246 57.59078869584863
10 9 58.622183708838826 58.57833161357257
10 10 60.00866551126517 60.09140486616141
11 1 25.216637781629114 23.933719974827355
11 2 35.875216637781634 35.32532594961748
11 3 43.11091854419411 42.54194394255486
11 4 47.14038128249567 46.853467011962934
11 5 50.0 49.87512921055206
11 6 54.02946273830156 53.876188750918416
11 7 55.32928942807626 55.53355919593286
11 8 57.49566724436742 57.46031439001268
11 9 58.188908145580584 58.21452195469017
11 10 59.01213171577123 58.991010517988684
12 1 25.34662045060659 24.215239814709694
12 2 37.73830155979203 37.468935105652534
12 3 44.45407279029463 43.67983692776268
12 4 48.48353552859619 48.212867436754706
12 5 50.69324090121318 50.83219400100582
12 6 53.07625649913344 53.258849902114335
12 7 55.762564991334486 56.07759829653094
12 8 57.798960138648184 58.1047343831136
12 9 58.31889081455805 58.72795110729678
12 10 60.65857885615251 60.87328112815733
13 1 26.473136915077987 24.295653984424884
13 2 35.57192374350087 34.055021001729514
13 3 42.114384748700175 41.474389220094054
13 4 46.317157712305026 46.35462308761243
13 5 50.12998266897747 49.985168779573485
13 6 53.29289428076257 53.190194954544964
13 7 55.892547660311955 55.99509851687141
13 8 57.32235701906413 57.263108221474155
13 9 59.79202772963605 59.9951552165548
13 10 59.61871750433275 59.77829725545841
14 1 27.123050259965336 26.516939345687955
14 2 36.65511265164645 35.38368467023188
14 3 43.58752166377816 43.28669955131669
14 4 48.05025996533796 48.135957718796085
14 5 51.47313691507799 51.27699109877937
14 6 54.07279029462738 54.08300566359968
14 7 55.63258232235702 55.59393823612213
14 8 57.582322357019066 57.63922746050844
14 9 59.53206239168111 59.569302377539515
14 10 59.83535528596187 59.96679850804506
15 1 23.91681109185442 23.144029906685
15 2 37.1317157712305 36.571103104189525
15 3 43.58752166377816 43.271973964691405
15 4 48.7001733102253 48.36157808802664
15 5 52.07972270363952 51.7115053951039
15 6 53.682842287694974 53.58378250175607
15 7 55.15597920277296 55.39928966359848
15 8 57.32235701906413 57.58286934753426
15 9 58.882149046793764 59.18314373712828
15 10 60.09532062391681 60.396136565876944
16 1 22.746967071057192 21.137535393059338
16 2 35.70190641247834 35.0977490423834
16 3 43.41421143847487 42.842526910788074
16 4 48.05025996533796 47.90568012566
16 5 51.03986135181976 51.191212426739376
16 6 53.639514731369154 53.762490824202146
16 7 55.54592720970537 56.00471709940248
16 8 57.36568457538995 57.514564116075015
16 9 59.05545927209705 59.211572628198894
16 10 58.795493934142115 58.905982626826706
17 1 25.12998266897747 23.892018948927454
17 2 36.915077989601386 35.926607083189516
17 3 42.76429809358752 42.155721309358
17 4 48.09358752166378 47.37059029017162
17 5 52.512998266897746 51.85209950090132
17 6 53.7261698440208 53.65430865381269
17 7 56.23916811091855 56.25001103395616
17 8 57.712305025996535 57.7160123809875
17 9 58.4055459272097 58.4306089343952
17 10 59.66204506065858 59.85033505745869
18 1 25.51993067590988 23.93457589233516
18 2 35.74523396880416 34.613706828247906
18 3 43.11091854419411 42.68187294561376
18 4 47.357019064124785 47.063393479967985
18 5 51.03986135181976 50.873228009334994
18 6 52.946273830155974 52.914601536433146
18 7 55.762564991334486 55.61056971862547
18 8 57.798960138648184 57.67923908732342
18 9 59.27209705372617 59.21545470532299
18 10 60.00866551126517 59.99914718198443
19 1 25.17331022530329 23.64719471643538
19 2 35.831889081455806 34.77555271273881
19 3 42.287694974003465 41.46702766071424
19 4 48.7001733102253 48.16928532810423
19 5 50.04332755632582 49.98916251581502
19 6 52.512998266897746 52.28659062721304
19 7 54.54939341421144 54.577871611460125
19 8 55.589254766031196 55.82474146655685
19 9 56.58578856152513 56.682696407947006
19 10 57.842287694974004 57.864352829242335
20 1 25.433275563258235 24.390822671702516
20 2 38.82149046793761 37.58494420833089
20 3 44.54072790294627 44.23650834500931
20 4 49.09012131715772 49.068844344648326
20 5 52.20970537261699 52.58071655050591
20 6 54.20277296360485 54.564101069324664
20 7 56.36915077989602 56.52102616766784
20 8 57.27902946273831 57.35240284135637
20 9 59.7053726169844 59.80691914733028
20 10 60.35528596187175 60.566244432460415
21 1 25.563258232235704 23.601386328082214
21 2 37.8682842287695 37.259749554206834
21 3 45.01733102253033 44.832209033262075
21 4 48.31022530329289 48.27952805251013
21 5 51.12651646447141 51.17215490001376
21 6 55.45927209705373 55.49948857989961
21 7 56.41247833622184 56.1450108452578
21 8 59.09878682842288 59.078609968066765
21 9 60.35528596187175 60.37292011423988
21 10 61.82842287694974 62.09257461467806
22 1 23.39688041594454 21.86300794537454
22 2 36.915077989601386 36.31405864271283
22 3 42.46100519930676 42.32960251577453
22 4 46.8370883882149 46.64001997028677
22 5 51.386481802426346 51.275676810566885
22 6 53.76949740034662 53.71987439253256
22 7 56.02253032928943 56.17048048680451
22 8 57.582322357019066 57.79420169489895
22 9 58.708838821490474 58.74793533605948
22 10 59.83535528596187 59.913555042446646
23 1 27.16637781629116 25.370671630645386
23 2 36.69844020797227 35.33431461051582
23 3 43.93414211438475 43.34087874968269
23 4 47.530329289428074 47.14534375754022
23 5 51.08318890814558 51.13858464673846
23 6 53.98613518197573 53.99986864868605
23 7 56.36915077989602 56.559322570655915
23 8 57.40901213171578 57.64010158870022
23 9 58.36221837088388 58.70960151514919
23 10 60.09532062391681 60.50103745222189
24 1 24.826689774696707 22.570385405495678
24 2 35.35528596187175 34.028261004095135
24 3 40.68457538994801 39.50251675731931
24 4 46.66377816291161 46.016239799032455
24 5 50.08665511265165 50.057688784151765
24 6 53.24956672443674 53.09114962979395
24 7 54.59272097053726 54.109126260433335
24 8 55.19930675909879 55.01185709952112
24 9 56.41247833622184 56.28732408403175
24 10 57.538994800693246 57.447824598837336
25 1 24.523396880415945 23.614285600997675
25 2 36.52512998266898 35.54228790196619
25 3 42.50433275563258 42.2627227266652
25 4 47.530329289428074 47.39964294861714
25 5 51.08318890814558 51.28579419495289
25 6 54.33275563258232 54.14327726912437
25 7 56.54246100519931 56.75175900308121
25 8 57.842287694974004 58.06813588802379
25 9 59.31542461005199 59.65423492848249
25 10 60.09532062391681 60.38431635518977
26 1 26.126516464471404 25.058062662881454
26 2 35.918544194107454 35.307213323607606
26 3 43.67417677642981 43.41260996769472
26 4 48.91681109185442 49.28103093643844
26 5 49.48006932409012 49.99504169506699
26 6 52.38301559792028 52.63080136327054
26 7 54.37608318890814 54.59001943220336
26 8 55.80589254766031 55.90711531553043
26 9 56.845753899480066 56.69336400120596
26 10 57.798960138648184 57.937733350532014
27 1 26.386481802426342 25.454426673339626
27 2 36.69844020797227 36.187033714553685
27 3 43.06759098786828 42.94469955423091
27 4 47.96360485268631 48.13070140296533
27 5 51.559792027729635 51.66381656706746
27 6 53.466204506065864 53.368145487020314
27 7 55.54592720970537 55.606168000461274
27 8 56.802426343154245 57.10304361364537
27 9 56.932409012131714 57.146569795592114
27 10 59.05545927209705 59.151872547150056
28 1 24.74003466204506 23.518133018819782
28 2 37.78162911611785 37.16216902370045
28 3 44.62738301559792 44.83600321740201
28 4 47.79029462738302 47.825212834447925
28 5 50.90987868284229 50.62082464803821
28 6 53.20623916811091 53.103300268200684
28 7 55.67590987868284 55.96263018919534
28 8 57.019064124783355 57.22976438691898
28 9 58.882149046793764 59.225977036229004
28 10 59.31542461005199 59.92561188969868
29 1 25.82322357019064 23.98952050211105
29 2 36.17850953206239 35.8199107948836
29 3 42.07105719237435 41.81851289490865
29 4 47.79029462738302 47.98747006443024
29 5 50.99653379549394 51.16895547478023
29 6 53.509532062391685 53.57914755268586
29 7 54.98266897746967 55.229292301147595
29 8 56.54246100519931 56.69744289148554
29 9 57.36568457538995 57.74713781253791
29 10 58.49220103986135 58.3555236593387
30 1 25.259965337954938 24.287554731889205
30 2 35.26863084922011 34.13729891535551
30 3 41.204506065857885 40.30225427434045
30 4 45.363951473136915 44.57722494378154
30 5 49.17677642980936 48.70792039131273
30 6 51.94974003466204 51.80127891111871
30 7 53.20623916811091 53.42745749217217
30 8 54.98266897746967 55.271234269894876
30 9 57.105719237435004 57.49760601730344
30 10 58.27556325823223 58.70970781339289
31 1 25.64991334488735 25.087907110770395
31 2 34.40207972270364 33.33804853934461
31 3 41.46447140381282 41.217381785054194
31 4 46.23050259965338 46.148974406096926
31 5 48.78682842287695 49.002678408827585
31 6 52.772963604852684 52.96955025919684
31 7 54.98266897746967 55.55338211638926
31 8 56.845753899480066 57.275862695913595
31 9 58.708838821490474 59.02008314607352
31 10 59.83535528596187 60.083581357465256
32 1 24.35008665511265 23.369447471534627
32 2 36.82842287694974 35.52979359632245
32 3 43.2842287694974 42.60187087502522
32 4 47.573656845753895 47.69480163704658
32 5 50.17331022530329 50.0667156390604
32 6 53.98613518197573 53.72502090149662
32 7 55.32928942807626 55.09142987774237
32 8 56.802426343154245 56.71187288437126
32 9 58.622183708838826 58.76006531901561
32 10 59.53206239168111 59.47442792861981
33 1 26.429809358752166 24.753382912275335
33 2 37.47833622183709 36.47300606800209
33 3 44.93067590987868 44.148940033014455
33 4 47.66031195840554 47.471623507756895
33 5 51.733102253032925 51.719958358330295
33 6 53.89948006932409 53.769836521482425
33 7 55.06932409012132 55.22026294418
33 8 56.58578856152513 56.68352038709911
33 9 58.4055459272097 58.74089755953209
33 10 59.7053726169844 60.156266550831916
34 1 25.12998266897747 24.28220024649451
34 2 36.43847487001733 36.17777919119203
34 3 44.10745233968804 44.470678761865386
34 4 47.87694974003466 47.942320581856904
34 5 52.38301559792028 52.256508018985
34 6 55.06932409012132 55.176363552484545
34 7 56.672443674176776 56.78769079257101
34 8 56.802426343154245 56.933764310554444
34 9 58.31889081455805 58.3586684988991
34 10 58.795493934142115 58.97204917089709
35 1 26.03986135181976 24.210930289566697
35 2 37.088388214904676 35.80470573207053
35 3 43.500866551126514 42.525044933953346
35 4 47.83362218370884 47.41536181982912
35 5 50.86655112651647 50.7180891967697
35 6 54.67937608318891 54.30134074376583
35 7 57.40901213171578 57.0653811387337
35 8 59.40207972270364 59.14384841994631
35 9 60.65857885615251 60.83994368363231
35 10 60.61525129982669 60.85899997803934
36 1 27.4263431542461 26.6086979475254
36 2 38.51819757365685 38.175442456329705
36 3 45.277296360485266 44.39586028409102
36 4 48.22357019064125 47.50691465496955
36 5 51.51646447140381 51.04818862792313
36 6 54.24610051993067 54.06030479787498
36 7 55.15597920277296 55.2078092351739
36 8 57.19237435008665 57.11890991374946
36 9 58.53552859618717 58.51099491236902
36 10 59.96533795493934 60.11073036301343
37 1 27.4263431542461 26.44341717746861
37 2 35.35528596187175 34.74177564786328
37 3 43.76083188908146 42.92301382476849
37 4 48.7001733102253 48.412973929016545
37 5 52.816291161178505 52.25741020073605
37 6 55.97920277296361 56.09787671173954
37 7 57.40901213171578 57.44042057046044
37 8 58.708838821490474 58.82631186593872
37 9 59.66204506065858 59.77256937570819
37 10 61.48180242634316 61.65228736426195
38 1 26.03986135181976 24.444693719272237
38 2 35.39861351819758 33.640144015842395
38 3 41.117850953206236 40.517056811519346
38 4 46.403812824956674 46.21400265965343
38 5 49.95667244367418 49.95260885046084
38 6 52.9896013864818 53.053070451539895
38 7 55.54592720970537 55.79548577930067
38 8 55.762564991334486 56.09722291593982
38 9 56.88908145580589 57.21150301416251
38 10 58.708838821490474 58.95516581445196
39 1 26.776429809358753 25.07348688573646
39 2 37.43500866551127 36.82430544286738
39 3 41.94107452339688 41.4979678522388
39 4 49.04679376083189 49.10334849371003
39 5 51.603119584055456 51.64024558403747
39 6 55.63258232235702 55.746737018889704
39 7 57.538994800693246 57.75917506122412
39 8 59.01213171577123 59.258850852717046
39 9 60.00866551126517 60.10861263587447
39 10 61.48180242634316 61.77525860455012
40 1 25.476603119584055 23.976240003175437
40 2 36.61178509532063 35.905555469362625
40 3 44.367417677642976 44.25157492658664
40 4 47.443674176776426 47.294833776760825
40 5 51.906412478336215 51.98252482554274
40 6 54.722703639514734 54.78488853663722
40 7 56.45580589254766 56.622674928636705
40 8 59.1421143847487 59.355977696076366
40 9 59.7053726169844 60.04745718521929
40 10 60.831889081455806 61.133859928816335
41 1 25.216637781629114 23.645708337094646
41 2 34.05545927209705 33.202509233405905
41 3 40.81455805892548 39.89290907199985
41 4 46.447140381282495 45.647373604144846
41 5 49.91334488734835 48.90274889523527
41 6 52.772963604852684 52.58562142953191
41 7 54.41941074523397 53.88539112611587
41 8 57.019064124783355 56.74379833386093
41 9 58.708838821490474 58.60955660483569
41 10 60.00866551126517 59.90577154966692
42 1 25.82322357019064 24.354285413248405
42 2 37.045060658578855 35.651285101700196
42 3 43.370883882149045 42.94701477464248
42 4 49.04679376083189 49.10323134003365
42 5 52.38301559792028 52.64306519248107
42 6 55.32928942807626 55.34780039283248
42 7 56.759098786828424 56.928608965919366
42 8 57.23570190641247 57.39694154852704
42 9 57.97227036395147 57.95825193220482
42 10 58.882149046793764 58.835740961932956
43 1 26.949740034662046 25.483476032005807
43 2 36.22183708838821 35.503361012445225
43 3 42.331022530329285 41.811101497296406
43 4 47.183708838821495 47.080148384420525
43 5 49.523396880415945 49.434395645666555
43 6 52.12305025996534 52.3071058262679
43 7 54.80935875216638 54.689383810722155
43 8 56.88908145580589 56.89905657783406
43 9 57.885615251299825 57.80392559200256
43 10 59.40207972270364 59.13770823919958
44 1 26.256499133448873 24.96051078504322
44 2 36.871750433275565 35.96512555316408
44 3 44.367417677642976 44.469558670430104
44 4 47.183708838821495 47.44795422532332
44 5 51.08318890814558 51.97661189494038
44 6 52.426343154246105 53.074379561674554
44 7 54.41941074523397 54.58426376074436
44 8 56.672443674176776 57.016104655099106
44 9 57.92894280762565 57.94632323448583
44 10 58.795493934142115 59.18791743627353
45 1 26.03986135181976 24.98950000847093
45 2 35.74523396880416 34.57490335270279
45 3 43.71750433275563 43.4627447127058
45 4 47.61698440207972 47.86135238868333
45 5 51.25649913344888 51.55723263509182
45 6 54.2894280762565 54.244152335836304
45 7 55.719237435008665 55.570924833992294
45 8 57.582322357019066 57.797581885067004
45 9 57.4523396880416 57.51840782930482
45 10 59.7053726169844 59.85990153932201
46 1 26.213171577123052 24.4432362155476
46 2 34.09878682842288 32.74794940006987
46 3 42.54766031195841 42.40297934336968
46 4 46.66377816291161 46.46470315545073
46 5 50.60658578856152 49.976169137245364
46 6 52.9896013864818 52.49551969924824
46 7 55.719237435008665 55.607087308312366
46 8 57.40901213171578 57.048883356351574
46 9 57.885615251299825 57.68392863105731
46 10 59.31542461005199 59.142753982228555
47 1 25.563258232235704 24.033572242892845
47 2 36.26516464471404 34.80702465569703
47 3 43.327556325823224 42.47552756731184
47 4 47.443674176776426 46.951471390833994
47 5 51.429809358752166 51.15867491698911
47 6 53.336221837088395 53.277709544636274
47 7 55.63258232235702 55.67668769265829
47 8 57.668977469670715 57.84888890018056
47 9 59.1421143847487 59.40656973929941
47 10 60.09532062391681 60.41002378729105
48 1 25.82322357019064 24.360414659277325
48 2 35.918544194107454 34.75130637563041
48 3 44.0207972270364 43.114892324946496
48 4 49.26343154246101 49.19227734047405
48 5 52.729636048526864 52.344742363052376
48 6 54.59272097053726 54.418359818052956
48 7 56.10918544194108 56.157586939030914
48 8 57.755632582322356 57.985825829176065
48 9 59.01213171577123 59.352318723893994
48 10 60.05199306759099 60.33233548504852
49 1 26.603119584055456 25.47688125584665
49 2 36.26516464471404 35.45336826099122
49 3 43.240901213171576 43.028993536207594
49 4 47.83362218370884 47.635699879428344
49 5 51.16984402079723 51.475754727406766
49 6 53.336221837088395 53.37082459879065
49 7 55.45927209705373 55.482752373470355
49 8 57.149046793760824 57.14328697481581
49 9 58.44887348353552 58.56453330658044
49 10 59.79202772963605 59.69382103030709
50 1 24.48006932409012 23.807898332231687
50 2 35.22530329289428 34.80974915053466
50 3 42.63431542461005 42.439246914539794
50 4 46.317157712305026 46.44498023196052
50 5 50.90987868284229 50.94168543685848
50 6 53.20623916811091 52.99917780666418
50 7 56.23916811091855 56.29442573783322
50 8 57.798960138648184 57.88605060959489
50 9 58.05892547660312 58.10764805072641
50 10 59.53206239168111 59.85636533738069
51 1 25.693240901213173 24.407281504091056
51 2 37.26169844020797 36.586195132777206
51 3 43.80415944540728 43.4090828935587
51 4 48.65684575389948 48.199429577613024
51 5 52.426343154246105 52.21792635814349
51 6 54.41941074523397 54.36567271366396
51 7 56.499133448873486 56.32073724173669
51 8 57.97227036395147 57.71963194749632
51 9 58.882149046793764 58.821088034836286
51 10 60.39861351819758 60.55453025335182
52 1 24.783362218370883 23.318321352709315
52 2 36.22183708838821 35.05154025414764
52 3 43.45753899480069 42.956011918528375
52 4 48.78682842287695 48.19749476452975
52 5 51.03986135181976 50.97946089316166
52 6 53.59618717504333 53.40234608983512
52 7 56.54246100519931 56.356028457248385
52 8 58.27556325823223 58.00786548676422
52 9 58.83882149046794 58.77072959159174
52 10 59.22876949740035 59.17525948203679
53 1 26.646447140381284 24.619120233468646
53 2 38.38821490467937 37.51063698802902
53 3 44.80069324090121 44.43036391047153
53 4 48.613518197573654 48.90657913762578
53 5 52.729636048526864 52.88692638551087
53 6 55.50259965337955 55.64913459226663
53 7 56.499133448873486 56.360227297450514
53 8 58.05892547660312 58.05279847915475
53 9 59.09878682842288 59.01141786849665
53 10 60.00866551126517 59.98660627579475
54 1 25.0 23.352312223239785
54 2 36.43847487001733 35.36715083616633
54 3 43.63084922010398 43.205553895091256
54 4 46.360485268630846 46.07792431557506
54 5 50.649913344887345 50.794333378425584
54 6 54.89601386481803 55.05989789937538
54 7 56.10918544194108 56.20668581290782
54 8 56.7157712305026 56.620553548229466
54 9 58.53552859618717 58.64173753312589
54 10 59.57538994800693 59.60591849419935
55 1 25.82322357019064 25.22873988380134
55 2 36.30849220103986 35.534301255938395
55 3 43.154246100519934 43.198012987014394
55 4 49.04679376083189 49.09749405977696
55 5 51.863084922010394 52.11164682389904
55 6 54.54939341421144 54.85754252404138
55 7 55.97920277296361 55.98586404998602
55 8 58.49220103986135 58.46714866010536
55 9 59.1421143847487 59.41747689194416
55 10 60.87521663778163 61.17665105048121
56 1 23.09358752166378 22.00212971088952
56 2 36.61178509532063 35.487569748516854
56 3 41.59445407279029 41.229377881108164
56 4 48.1369150779896 47.81873574931892
56 5 50.99653379549394 50.478025676753845
56 6 53.29289428076257 53.028929834549196
56 7 55.719237435008665 55.25339695220581
56 8 58.015597920277294 57.92089354711044
56 9 58.23223570190641 57.98750444769024
56 10 59.83535528596187 59.48149865340554
57 1 26.343154246100518 24.581578572193763
57 2 36.35181975736568 35.218918698987736
57 3 41.811091854419416 40.81685355059696
57 4 47.87694974003466 47.65818642727888
57 5 50.649913344887345 50.53489608368062
57 6 52.946273830155974 53.011859240772694
57 7 55.63258232235702 55.584373949675694
57 8 55.84922010398613 55.909829263199164
57 9 58.10225303292894 58.12238046830658
57 10 58.708838821490474 58.883911225747156
58 1 26.51646447140381 25.40597381948907
58 2 34.835355285961874 34.03123260464645
58 3 42.02772963604853 41.83957292270376
58 4 45.537261698440204 45.48965857593216
58 5 50.43327556325823 50.854317674650375
58 6 53.422876949740036 53.83914407344395
58 7 55.32928942807626 55.80949939291537
58 8 56.759098786828424 57.03191158830821
58 9 57.62564991334489 57.90902343257325
58 10 58.622183708838826 59.002926030411984
59 1 23.83015597920277 22.502374974414455
59 2 36.95840554592721 35.48504094533768
59 3 43.370883882149045 42.48142695916326
59 4 48.613518197573654 47.91273235860713
59 5 50.519930675909876 50.11572524022709
59 6 53.856152512998264 53.36627145447122
59 7 55.54592720970537 55.23242148871652
59 8 57.40901213171578 57.34175132959284
59 9 58.14558058925476 58.17542814968415
59 10 59.53206239168111 59.477910317483165
60 1 26.299826689774697 24.526944715457713
60 2 36.871750433275565 35.65296284297753
60 3 44.80069324090121 44.2440735791773
60 4 46.577123050259964 46.229494363989716
60 5 49.610051993067586 49.540775499910964
60 6 52.642980935875215 52.81945015250598
60 7 55.37261698440208 55.619733653514494
60 8 57.40901213171578 57.63193020333392
60 9 57.668977469670715 57.986721740864255
60 10 59.1421143847487 59.36569602376536
61 1 26.083188908145583 24.2391461619858
61 2 37.6949740034662 37.44138093643825
61 3 43.71750433275563 43.134728710810435
61 4 48.74350086655112 48.442034592587675
61 5 50.47660311958405 50.08836688886231
61 6 54.1161178509532 53.70480802703419
61 7 54.722703639514734 54.52749518799161
61 8 56.41247833622184 55.962693913700775
61 9 59.1421143847487 58.85953758851667
61 10 59.66204506065858 59.329899360297745
62 1 25.51993067590988 24.842089260913653
62 2 35.65857885615251 34.739280055513376
62 3 42.76429809358752 42.61372762770681
62 4 46.8370883882149 46.70848503833846
62 5 51.34315424610052 50.98414403956597
62 6 52.85961871750433 52.44679963539829
62 7 55.28596187175043 54.802837557665185
62 8 56.32582322357019 55.947339062863634
62 9 58.05892547660312 58.08819692495328
62 10 59.57538994800693 59.61100280296512
63 1 25.693240901213173 24.58826738154227
63 2 36.26516464471404 35.29126091727072
63 3 42.157712305025996 41.98573799919033
63 4 48.18024263431543 48.21814985817187
63 5 51.03986135181976 50.73292918480029
63 6 53.7261698440208 53.64354580546868
63 7 55.97920277296361 55.86730718426606
63 8 56.41247833622184 56.31640736484363
63 9 58.31889081455805 58.37039689522193
63 10 59.48873483535528 59.28790213272851
64 1 24.003466204506065 23.280416339286656
64 2 36.741767764298096 35.97569454404035
64 3 43.63084922010398 43.46262228070586
64 4 48.09358752166378 48.05007989822188
64 5 52.816291161178505 52.98080474334236
64 6 54.59272097053726 54.48679338845719
64 7 55.84922010398613 55.98846732044886
64 8 55.67590987868284 55.59926097027865
64 9 57.92894280762565 57.89122637695985
64 10 59.79202772963605 59.90783663577842
65 1 24.956672443674176 23.50904451616628
65 2 36.43847487001733 35.68876844597054
65 3 43.89081455805893 43.69982846891873
65 4 48.613518197573654 48.28240291515553
65 5 51.603119584055456 51.74857645824499
65 6 53.16291161178509 53.41162780849509
65 7 56.10918544194108 56.320726971545554
65 8 58.36221837088388 58.33464960887122
65 9 59.53206239168111 59.785699283924934
65 10 59.66204506065858 59.76744549572975
66 1 24.826689774696707 23.540386404624336
66 2 35.48526863084922 34.88121252874157
66 3 42.89428076256499 42.50758334472868
66 4 46.403812824956674 46.33424482417064
66 5 49.436741767764296 49.612989168946996
66 6 52.20970537261699 52.63636033051441
66 7 54.59272097053726 55.00215212959789
66 8 57.842287694974004 58.34522350260766
66 9 59.7053726169844 59.981452105749625
66 10 61.178509532062385 61.37388273315041
67 1 27.079722703639515 25.650429853374824
67 2 35.051993067590985 34.26561337311817
67 3 43.45753899480069 43.283026385494836
67 4 49.09012131715772 49.41152573623971
67 5 52.16637781629117 52.49988810126053
67 6 54.54939341421144 54.66802372871743
67 7 55.45927209705373 55.752620539032925
67 8 56.36915077989602 56.77039121785845
67 9 57.755632582322356 57.901314663618294
67 10 59.18544194107452 59.65363672463685
68 1 25.433275563258235 23.885945179219807
68 2 36.13518197573657 35.537122223189684
68 3 42.89428076256499 42.144007702721936
68 4 47.74696707105719 47.277434604256584
68 5 51.12651646447141 51.11672197659103
68 6 54.37608318890814 54.25422555198101
68 7 56.36915077989602 56.41956337906261
68 8 58.795493934142115 58.956339482493746
68 9 60.26863084922011 60.40164821366525
68 10 60.61525129982669 60.98146707634854
69 1 26.213171577123052 24.588682405809323
69 2 35.26863084922011 34.33034314942663
69 3 42.37435008665511 42.16923327534876
69 4 48.96013864818024 49.049822098353374
69 5 51.733102253032925 52.15905264770041
69 6 53.682842287694974 54.063975418196584
69 7 55.84922010398613 56.396656560443816
69 8 56.58578856152513 56.913739259055504
69 9 57.62564991334489 57.93476130442438
69 10 58.83882149046794 59.31411586748479
70 1 26.603119584055456 25.1395906003318
70 2 35.26863084922011 34.31906664679717
70 3 42.50433275563258 42.00427787975381
70 4 48.00693240901213 47.59369439093335
70 5 51.906412478336215 52.09847830316568
70 6 54.98266897746967 55.26929199765783
70 7 56.7157712305026 56.62388933125278
70 8 58.31889081455805 58.56679118414117
70 9 59.92201039861352 60.19496094258203
70 10 60.09532062391681 60.56562554157359
71 1 23.483535528596185 21.699779133026233
71 2 36.43847487001733 35.23830063161639
71 3 43.76083188908146 42.50199023548785
71 4 47.83362218370884 47.025398379877174
71 5 50.736568457539 50.07135863728289
71 6 54.54939341421144 54.311171365932545
71 7 56.19584055459272 55.92954170456865
71 8 56.802426343154245 56.666825687254054
71 9 58.27556325823223 57.917194463252876
71 10 59.22876949740035 58.98876561407494
72 1 26.473136915077987 25.380637019613705
72 2 37.78162911611785 37.27222002687984
72 3 43.11091854419411 43.142974761205394
72 4 46.8370883882149 47.26522882195021
72 5 50.736568457539 50.807895501343936
72 6 54.59272097053726 54.9575563119995
72 7 57.23570190641247 57.78400943836077
72 8 58.188908145580584 58.621038381724745
72 9 59.1421143847487 59.214381516611645
72 10 59.83535528596187 59.93239041735748
73 1 26.343154246100518 24.064988510907092
73 2 36.61178509532063 35.123097503786695
73 3 43.54419410745234 43.085180206867314
73 4 46.75043327556326 46.87879168408207
73 5 51.47313691507799 51.37375646964173
73 6 53.466204506065864 53.495140888271195
73 7 54.93934142114385 54.80432740423695
73 8 57.36568457538995 57.351479460321386
73 9 59.01213171577123 59.09466501589509
73 10 60.26863084922011 60.50774366042847
74 1 25.82322357019064 24.280227743723128
74 2 35.051993067590985 34.0374651253879
74 3 41.03119584055459 40.511887297448645
74 4 45.97053726169844 45.906775789233194
74 5 50.0 50.103627805128916
74 6 53.03292894280762 52.80238466627034
74 7 55.19930675909879 55.259199267081485
74 8 56.06585788561526 56.24234947832109
74 9 57.19237435008665 57.09141672287378
74 10 58.44887348353552 58.44941537098101
75 1 23.83015597920277 22.37324461016106
75 2 35.13864818024263 34.466679606197694
75 3 43.02426343154246 42.49088786710106
75 4 47.61698440207972 47.56133647572351
75 5 51.08318890814558 51.276036901854724
75 6 52.38301559792028 53.06653637002978
75 7 54.67937608318891 55.514228245731644
75 8 56.41247833622184 57.20569803644852
75 9 56.975736568457535 57.98721016519801
75 10 57.92894280762565 58.77662475192641
76 1 27.253032928942805 26.096481892058755
76 2 36.13518197573657 34.87679933210571
76 3 43.154246100519934 42.75136320307878
76 4 48.52686308492201 48.26067813462653
76 5 51.51646447140381 51.33593677961685
76 6 53.552859618717505 53.35515531609094
76 7 57.32235701906413 57.38093972311204
76 8 57.755632582322356 57.74091098860512
76 9 59.27209705372617 59.12533287106423
76 10 60.22530329289428 60.30242385319811
77 1 26.16984402079723 24.072462510415118
77 2 35.875216637781634 34.331070939772516
77 3 43.197573656845755 42.24448366661989
77 4 48.87348353552859 48.63194588647515
77 5 52.20970537261699 51.39711029176405
77 6 54.8526863084922 54.42795177997027
77 7 56.1525129982669 55.87051140887964
77 8 57.92894280762565 57.69458714707283
77 9 58.49220103986135 58.23196854273793
77 10 59.83535528596187 59.76044729056058
78 1 24.393414211438476 22.522859473235883
78 2 35.26863084922011 33.662813769530445
78 3 42.63431542461005 41.75280956071185
78 4 48.22357019064125 47.76478966481322
78 5 51.733102253032925 51.4168499790173
78 6 52.816291161178505 52.86803902297629
78 7 55.32928942807626 55.03714328553354
78 8 57.019064124783355 56.43893861813996
78 9 58.23223570190641 58.14201324790126
78 10 59.09878682842288 59.15667899454272
79 1 25.30329289428076 23.53717377752284
79 2 36.43847487001733 36.19158006552222
79 3 42.59098786828423 42.7489813275114
79 4 48.26689774696707 48.79462145886269
79 5 51.863084922010394 52.09836868566163
79 6 53.422876949740036 53.91299285328175
79 7 55.15597920277296 55.840141567184155
79 8 56.88908145580589 57.46392777811935
79 9 58.015597920277294 58.59142259353799
79 10 60.09532062391681 60.731908070527815
80 1 24.696707105719238 22.626054985818147
80 2 35.70190641247834 34.11377366966143
80 3 42.98093587521664 42.51625918414926
80 4 47.09705372616985 46.961224195714905
80 5 52.0363951473137 51.86958481561456
80 6 54.07279029462738 53.80376814188749
80 7 56.02253032928943 55.91042845638942
80 8 57.149046793760824 57.36127648445872
80 9 58.31889081455805 58.56840011977539
80 10 59.8786828422877 60.302673385986424
81 1 25.693240901213173 24.20994133098228
81 2 35.39861351819758 34.169736150807964
81 3 42.89428076256499 42.14939011198508
81 4 45.84055459272097 44.91365187811263
81 5 48.26689774696707 48.11652101144797
81 6 51.559792027729635 51.51981858853875
81 7 54.59272097053726 54.294645920429765
81 8 56.802426343154245 56.66584812272997
81 9 57.97227036395147 57.98944454902637
81 10 58.83882149046794 58.76305359346421
82 1 25.779896013864818 23.87767535771829
82 2 35.09532062391681 33.69828851304733
82 3 41.68110918544194 40.251505683507666
82 4 46.447140381282495 45.928872291685224
82 5 49.95667244367418 49.772741575506096
82 6 53.639514731369154 53.388619777732
82 7 57.019064124783355 56.90607359239063
82 8 58.05892547660312 57.99491735191683
82 9 58.925476603119584 59.071796091096004
82 10 59.22876949740035 59.14552714336166
83 1 24.436741767764296 23.821748975527534
83 2 36.915077989601386 36.76602197678943
83 3 43.240901213171576 43.507005108174766
83 4 47.66031195840554 47.67603845491308
83 5 50.82322357019065 50.59224348849675
83 6 53.466204506065864 53.3415953390193
83 7 54.722703639514734 54.637008890867925
83 8 56.672443674176776 56.57635208149212
83 9 57.97227036395147 57.95578686259781
83 10 59.61871750433275 59.5540995546211
84 1 25.909878682842287 24.35893493896784
84 2 35.13864818024263 34.1400301567366
84 3 42.80762564991335 42.32667001833053
84 4 46.88041594454073 47.043268418359304
84 5 50.60658578856152 51.030703094094
84 6 51.733102253032925 51.721408362722684
84 7 53.20623916811091 53.24346830699791
84 8 56.10918544194108 56.225940897156335
84 9 57.538994800693246 57.64209506737693
84 10 59.01213171577123 59.47905068264353
85 1 24.003466204506065 23.39036704767662
85 2 36.3951473136915 35.28564604582391
85 3 42.67764298093588 42.04638411348701
85 4 47.79029462738302 47.233913234068496
85 5 50.38994800693241 49.96312872202346
85 6 52.85961871750433 52.817856239308306
85 7 54.722703639514734 54.52466229792441
85 8 57.40901213171578 57.49059755164525
85 9 58.10225303292894 58.17244323354521
85 10 59.53206239168111 59.62901587713061
86 1 27.209705372616984 26.18273268964748
86 2 36.95840554592721 35.005717814113666
86 3 45.06065857885615 44.80493412035018
86 4 48.65684575389948 48.622029475660796
86 5 51.47313691507799 51.27666652980724
86 6 53.76949740034662 53.500338953516966
86 7 56.02253032928943 55.74778187836761
86 8 58.05892547660312 58.01493311076381
86 9 59.40207972270364 59.42257625189201
86 10 60.31195840554593 60.211487747623984
87 1 23.310225303292896 21.6120761109428
87 2 35.008665511265164 34.20028360374968
87 3 41.161178509532064 40.833675822679
87 4 45.10398613518198 45.18597107442907
87 5 49.00346620450606 49.121009154923144
87 6 52.296360485268636 52.394533575192945
87 7 55.32928942807626 55.871159281920946
87 8 56.672443674176776 56.765478365843634
87 9 57.842287694974004 58.078688602214626
87 10 59.31542461005199 59.67900496632853
88 1 25.953206239168107 25.26468735696323
88 2 36.871750433275565 36.78812992055252
88 3 44.10745233968804 43.943674572130924
88 4 48.26689774696707 48.33201331483523
88 5 50.95320623916811 51.09595977048404
88 6 53.16291161178509 53.382577938183516
88 7 54.8526863084922 54.89929323048371
88 8 55.892547660311955 55.788928523874795
88 9 58.14558058925476 58.02050114140799
88 10 58.96880415944541 59.098073375645434
89 1 26.083188908145583 24.347080886877983
89 2 35.39861351819758 34.47494221924172
89 3 43.02426343154246 42.71073961333239
89 4 48.22357019064125 48.08042553521705
89 5 51.559792027729635 51.224303222593385
89 6 53.59618717504333 53.44009844720547
89 7 56.36915077989602 56.0273544872737
89 8 57.23570190641247 57.14115200490073
89 9 58.83882149046794 58.82423546307224
89 10 59.79202772963605 59.79361329632539
90 1 24.610051993067593 23.006411722869327
90 2 35.48526863084922 34.853935855373976
90 3 42.114384748700175 41.51760408006828
90 4 46.23050259965338 45.316506620943215
90 5 50.25996533795494 49.753896358217936
90 6 52.686308492201036 52.087792748505926
90 7 55.93587521663779 55.54576906397447
90 8 56.672443674176776 56.366404324867005
90 9 58.752166377816295 58.50377382438323
90 10 60.13864818024264 59.98484541356761
91 1 26.429809358752166 25.26240659492993
91 2 36.56845753899481 35.903046516025256
91 3 42.46100519930676 42.23164133316287
91 4 48.22357019064125 48.60875346560175
91 5 52.12305025996534 52.39991081259794
91 6 53.639514731369154 54.13754654270599
91 7 55.762564991334486 56.09833299457272
91 8 57.538994800693246 58.08893520799824
91 9 58.23223570190641 58.74683992257599
91 10 59.40207972270364 60.179812591059076
92 1 25.12998266897747 23.007058434954377
92 2 36.091854419410744 34.65498230430169
92 3 44.410745233968804 44.31964367301768
92 4 46.88041594454073 46.63519999572419
92 5 49.523396880415945 49.51998086652996
92 6 51.906412478336215 51.582159048372986
92 7 53.76949740034662 53.56939068269091
92 8 56.28249566724437 56.46262174952966
92 9 57.40901213171578 57.46948130550105
92 10 58.708838821490474 58.91522825768944
93 1 25.99653379549394 24.45610210133551
93 2 37.78162911611785 37.22346128347151
93 3 42.80762564991335 42.396088977641085
93 4 48.353552859618716 48.48937209253978
93 5 52.642980935875215 52.49724439998854
93 6 54.1161178509532 54.09293350614634
93 7 57.149046793760824 57.26171226900259
93 8 58.14558058925476 58.124581136354294
93 9 59.35875216637781 59.42068107587099
93 10 60.18197573656846 60.31069022261417
94 1 25.433275563258235 24.983386235677294
94 2 36.43847487001733 34.65393332386441
94 3 44.280762564991335 43.78270048229863
94 4 49.78336221837088 49.74330288688442
94 5 52.16637781629117 51.676836208775576
94 6 53.89948006932409 53.91373751319198
94 7 56.58578856152513 56.589289543103696
94 8 58.14558058925476 58.214341574559434
94 9 59.61871750433275 60.02353657183224
94 10 59.83535528596187 60.102846414654046
95 1 26.299826689774697 24.342689937278028
95 2 37.39168110918544 36.67710933761137
95 3 44.93067590987868 44.53498663348206
95 4 47.79029462738302 47.67207951052717
95 5 51.47313691507799 51.284409322057336
95 6 52.599653379549395 52.41331307286825
95 7 55.32928942807626 55.18286134910302
95 8 56.19584055459272 55.80403245256694
95 9 57.36568457538995 57.12310881537883
95 10 59.01213171577123 58.8319050909768
96 1 24.610051993067593 23.37159165873367
96 2 36.43847487001733 36.41820528629298
96 3 43.327556325823224 43.07554413534966
96 4 47.270363951473136 47.17865743697997
96 5 50.95320623916811 51.046548478273436
96 6 53.20623916811091 53.14043311503674
96 7 54.50606585788561 54.66269250358059
96 8 56.932409012131714 57.13654553347729
96 9 58.83882149046794 59.00347537301525
96 10 59.44540727902946 59.657937070990656
97 1 26.603119584055456 24.75802762429113
97 2 36.04852686308492 34.72247077208816
97 3 43.58752166377816 42.788880371898415
97 4 49.04679376083189 48.16395503729666
97 5 51.429809358752166 50.92218290843192
97 6 53.59618717504333 53.41929418714846
97 7 55.589254766031196 55.58897120216603
97 8 57.668977469670715 57.66254354259986
97 9 58.708838821490474 58.85511524890015
97 10 60.22530329289428 60.1869941654457
98 1 26.429809358752166 24.383819995412583
98 2 34.878682842287695 33.47505108984417
98 3 43.500866551126514 42.54337689227268
98 4 49.350086655112655 48.84249031206243
98 5 52.9896013864818 52.5018206799718
98 6 55.67590987868284 55.30714621479559
98 7 57.4523396880416 57.35500641455026
98 8 59.05545927209705 58.977597836830306
98 9 59.66204506065858 59.568147678741425
98 10 60.48526863084922 60.392715108266
99 1 25.909878682842287 24.31102551305968
99 2 36.17850953206239 35.62846384849108
99 3 43.370883882149045 42.90303142079506
99 4 48.05025996533796 48.05792657493509
99 5 51.906412478336215 52.2387591979355
99 6 53.639514731369154 54.08106490170515
99 7 54.89601386481803 55.00925646470529
99 8 56.672443674176776 56.86942607239932
99 9 58.44887348353552 58.62915357184286
99 10 60.39861351819758 60.54708111413362
