0 1 2 3
0 1 26.603119584055456 23.16188798724731
0 2 35.57192374350087 33.603718663276716
0 3 44.5840554592721 43.15687074186486
0 4 48.74350086655112 47.625377411046415
0 5 51.51646447140381 50.55905834408676
0 6 52.729636048526864 51.60981233611244
0 7 54.41941074523397 53.97048436082953
0 8 55.84922010398613 55.21562025392125
0 9 56.7157712305026 56.04717841145308
0 10 57.712305025996535 57.143344499268586
1 1 26.429809358752166 22.45921254529714
1 2 38.73483535528596 37.18161827644754
1 3 44.150779896013866 42.86206220922831
1 4 46.66377816291161 45.60311349023354
1 5 49.220103986135186 48.46265348752854
1 6 51.386481802426346 50.90739678385777
1 7 52.85961871750433 52.03636148315015
1 8 54.722703639514734 53.913342091693416
1 9 55.762564991334486 55.29452008685244
1 10 56.36915077989602 55.935048874654804
2 1 27.38301559792028 24.850603823117787
2 2 41.117850953206236 39.00787972647203
2 3 46.577123050259964 44.91082966342377
2 4 50.21663778162912 49.44980113059043
2 5 51.776429809358746 51.631658351257535
2 6 52.599653379549395 52.31449101804498
2 7 54.93934142114385 54.79438932714821
2 8 55.97920277296361 55.97919581161973
2 9 56.36915077989602 56.37197959836563
2 10 57.538994800693246 57.56172837700677
3 1 25.953206239168107 22.88818029077373
3 2 36.741767764298096 34.73184350475752
3 3 44.324090121317155 42.91744662481092
3 4 49.393414211438476 48.08072594554738
3 5 51.64644714038128 50.60045789289285
3 6 54.54939341421144 53.63815342949694
3 7 55.37261698440208 54.63476656241289
3 8 56.7157712305026 55.972113664602134
3 9 57.668977469670715 57.0007489111647
3 10 57.798960138648184 57.12649093338415
4 1 26.733102253032932 23.42658590245189
4 2 37.73830155979203 35.532949094813624
4 3 45.06065857885615 43.855516636048876
4 4 47.61698440207972 46.571148671736665
4 5 49.220103986135186 48.2884345831242
4 6 51.47313691507799 51.06137406224609
4 7 52.426343154246105 51.921385503338676
4 8 54.8526863084922 54.38127648976081
4 9 55.50259965337955 55.40409259342399
4 10 56.802426343154245 56.613156130862116
5 1 26.343154246100518 23.118544147857328
5 2 39.25476603119584 36.54459617411356
5 3 43.2842287694974 41.772761827264944
5 4 46.92374350086655 45.50004124417022
5 5 49.436741767764296 48.43515032123092
5 6 50.38994800693241 49.65392192781874
5 7 52.85961871750433 52.372787020939384
5 8 53.89948006932409 53.45508036075821
5 9 56.36915077989602 55.682323725759716
5 10 57.712305025996535 57.310100547259914
6 1 26.559792027729635 23.226730386783743
6 2 38.908145580589256 36.96545261116076
6 3 45.92720970537262 44.50793646615793
6 4 49.13344887348354 48.200691564083456
6 5 52.25303292894281 51.64336796851317
6 6 54.20277296360485 53.74906357257907
6 7 54.8526863084922 54.75636153857709
6 8 55.4159445407279 55.077288881273226
6 9 56.32582322357019 56.15791535356565
6 10 57.27902946273831 56.96644348394052
7 1 27.946273830155977 25.143738560179514
7 2 38.69150779896014 36.244872058672485
7 3 45.10398613518198 44.31714591543536
7 4 49.610051993067586 49.26655348894179
7 5 53.03292894280762 52.53218584469551
7 6 55.80589254766031 55.32659587229497
7 7 55.63258232235702 55.39966903794018
7 8 56.28249566724437 56.04944125354706
7 9 57.06239168110918 56.796943396216605
7 10 58.23223570190641 57.844561650722724
8 1 25.909878682842287 22.839659384091995
8 2 38.128249566724435 36.95699660640578
8 3 43.2842287694974 43.11672901071235
8 4 48.1369150779896 47.5505888483337
8 5 51.2998266897747 50.81692375160893
8 6 53.03292894280762 52.528099864539925
8 7 55.19930675909879 54.6407078479439
8 8 56.499133448873486 55.69057213428885
8 9 57.06239168110918 56.40211638088653
8 10 57.62564991334489 57.10969607418567
9 1 27.4263431542461 24.310266141207407
9 2 36.741767764298096 35.29873078526404
9 3 44.0207972270364 42.80705533891955
9 4 49.436741767764296 48.26168085833463
9 5 53.379549393414216 52.40003391580294
9 6 55.06932409012132 54.3529863929522
9 7 56.932409012131714 56.14490482048916
9 8 56.672443674176776 56.24168403097494
9 9 56.932409012131714 56.27875134459141
9 10 59.22876949740035 58.889202187188
10 1 27.989601386481805 25.531535708289333
10 2 36.82842287694974 35.19523453656193
10 3 45.407279029462735 44.19541441160281
10 4 48.74350086655112 48.12810645817939
10 5 50.60658578856152 49.84919747461619
10 6 52.9896013864818 52.6240758056813
10 7 54.8526863084922 54.42761435710972
10 8 55.762564991334486 55.42154212583951
10 9 56.23916811091855 55.96673980389968
10 10 57.06239168110918 56.90694440405497
11 1 26.559792027729635 22.9708181130383
11 2 37.911611785095324 36.31809907341443
11 3 45.62391681109185 43.93727647360385
11 4 48.96013864818024 47.555020925664195
11 5 51.64644714038128 50.455651746496656
11 6 53.24956672443674 51.92349367320993
11 7 54.1161178509532 52.934436821860956
11 8 54.24610051993067 53.01925479386894
11 9 54.722703639514734 53.772106863329874
11 10 56.759098786828424 55.99825812162397
12 1 27.079722703639515 23.60940681982469
12 2 38.04159445407279 35.307242480740236
12 3 42.80762564991335 42.14729091948175
12 4 47.92027729636049 47.32340010441857
12 5 50.5632582322357 50.18030192106626
12 6 52.946273830155974 52.7179476965102
12 7 53.7261698440208 53.38655010717832
12 8 55.37261698440208 54.71279951462268
12 9 56.23916811091855 55.51947841272617
12 10 57.798960138648184 57.196585016837574
13 1 25.736568457538993 21.212646651304283
13 2 36.65511265164645 34.05067953778215
13 3 43.71750433275563 42.518656506000845
13 4 48.18024263431543 46.556297064775016
13 5 50.86655112651647 49.54787440555907
13 6 53.682842287694974 52.49260192798545
13 7 55.54592720970537 54.606949129579796
13 8 55.589254766031196 55.00312040571716
13 9 56.845753899480066 56.03857201672232
13 10 56.06585788561526 55.22582256299204
14 1 26.776429809358753 23.972024157192305
14 2 38.6048526863085 36.58373503739837
14 3 44.150779896013866 43.04573831752154
14 4 47.443674176776426 46.69804384006875
14 5 50.17331022530329 49.631150657697575
14 6 52.33968804159446 51.95248494846443
14 7 54.33275563258232 53.90651320979046
14 8 55.762564991334486 55.17678762203418
14 9 56.41247833622184 55.69137017318106
14 10 57.538994800693246 56.825955584301404
15 1 26.51646447140381 22.925983388567396
15 2 37.82495667244367 36.0386369785311
15 3 43.58752166377816 41.92772884722144
15 4 48.353552859618716 46.893640204108024
15 5 51.603119584055456 50.29173953986117
15 6 53.29289428076257 52.43499777032975
15 7 54.93934142114385 54.36792183616069
15 8 56.1525129982669 55.71976220795381
15 9 57.23570190641247 56.80058257267097
15 10 58.4055459272097 57.81646552516197
16 1 28.379549393414212 24.425041978173383
16 2 39.21143847487002 37.14912340434036
16 3 44.84402079722704 43.633038044098754
16 4 46.66377816291161 45.57336824007878
16 5 50.12998266897747 49.52625710546129
16 6 52.20970537261699 51.64195400316301
16 7 54.33275563258232 53.538182955115666
16 8 56.1525129982669 55.16106912055855
16 9 56.802426343154245 55.90214689769522
16 10 57.40901213171578 56.7644531886486
17 1 26.343154246100518 22.63934641137893
17 2 38.47487001733102 36.47531121309831
17 3 44.06412478336222 42.30278288684431
17 4 50.08665511265165 49.05272382220089
17 5 52.38301559792028 51.75297124933373
17 6 54.15944540727903 53.878320192327664
17 7 55.50259965337955 55.03489968803097
17 8 56.7157712305026 56.301352246758604
17 9 57.668977469670715 57.33317144262474
17 10 57.668977469670715 57.50630944413291
18 1 28.07625649913345 24.411878533902176
18 2 37.8682842287695 35.683658702964216
18 3 46.317157712305026 44.961187855673415
18 4 49.91334488734835 48.866976616470524
18 5 53.07625649913344 52.23347419514972
18 6 54.33275563258232 54.02814065271318
18 7 56.19584055459272 56.08847492174161
18 8 57.105719237435004 57.14197989001249
18 9 58.05892547660312 57.79124267372847
18 10 58.14558058925476 57.911653048091964
19 1 25.259965337954938 22.142639006082078
19 2 37.56499133448873 36.3035484904355
19 3 43.370883882149045 42.47279717622493
19 4 47.313691507798964 46.450966861313006
19 5 48.65684575389948 48.099208385538375
19 6 50.77989601386482 50.25262909307657
19 7 53.16291161178509 52.531804185329364
19 8 55.32928942807626 54.75077781186276
19 9 56.41247833622184 55.64020899497826
19 10 57.36568457538995 56.776168955074056
20 1 25.82322357019064 22.64694145221055
20 2 37.56499133448873 35.87014286039465
20 3 45.147313691507804 43.398044491104756
20 4 48.78682842287695 47.843514201405185
20 5 52.599653379549395 51.5580745220817
20 6 55.02599653379549 54.33964095928566
20 7 55.93587521663779 55.30932549171384
20 8 56.499133448873486 55.949123403221115
20 9 56.7157712305026 56.040723999336926
20 10 57.23570190641247 56.57148110740165
21 1 25.606585788561524 21.641370155849216
21 2 36.17850953206239 33.62273561835504
21 3 43.06759098786828 41.29176987119335
21 4 48.7001733102253 47.532440922971794
21 5 50.43327556325823 49.39813943943486
21 6 52.512998266897746 51.61586349770859
21 7 55.54592720970537 54.99790959432491
21 8 57.49566724436742 56.8884514343616
21 9 57.23570190641247 56.93636673770215
21 10 58.4055459272097 57.973799962073535
22 1 27.29636048526863 22.98577392244145
22 2 37.43500866551127 35.901652395187654
22 3 43.45753899480069 42.35380073344271
22 4 46.88041594454073 46.15238312896903
22 5 50.04332755632582 49.34584630707041
22 6 53.07625649913344 52.457429918328856
22 7 54.1161178509532 53.76994143727018
22 8 55.37261698440208 55.12866389724829
22 9 56.672443674176776 56.189036778045654
22 10 56.802426343154245 56.46178826650531
23 1 28.379549393414212 24.88945004555579
23 2 39.21143847487002 36.90610461364031
23 3 45.84055459272097 44.058072733550304
23 4 49.17677642980936 47.641386874684244
23 5 50.82322357019065 49.83803400460643
23 6 53.20623916811091 52.3075560805425
23 7 53.682842287694974 52.89685260780779
23 8 54.07279029462738 53.3038219771378
23 9 56.32582322357019 55.45238161089788
23 10 56.932409012131714 56.06817995256832
24 1 25.563258232235704 21.000941183686685
24 2 37.911611785095324 35.26112435220804
24 3 44.97400346620451 43.23618183530856
24 4 48.87348353552859 47.507837490472824
24 5 50.86655112651647 49.828838190681694
24 6 52.296360485268636 51.29771230922893
24 7 54.2894280762565 53.09501013836421
24 8 55.84922010398613 54.70772765731674
24 9 56.802426343154245 55.882733449906105
24 10 57.19237435008665 56.07459572145015
25 1 26.819757365684577 23.635228192838404
25 2 37.911611785095324 36.47176888994078
25 3 44.45407279029463 44.325796836025035
25 4 48.00693240901213 47.73714915386563
25 5 50.0 49.69204325680069
25 6 53.07625649913344 52.647219141281795
25 7 54.722703639514734 54.21848180116463
25 8 55.54592720970537 54.86838086875394
25 9 57.06239168110918 56.83394294572729
25 10 57.27902946273831 57.10812828494416
26 1 27.81629116117851 24.758343211227302
26 2 38.77816291161179 36.4141599533443
26 3 43.06759098786828 42.12848683977946
26 4 46.49046793760832 45.976668317106984
26 5 48.570190641247834 47.80867144392212
26 6 51.34315424610052 50.69770120972178
26 7 53.466204506065864 52.84637103051896
26 8 54.98266897746967 54.58189908784282
26 9 55.24263431542461 55.05816092522552
26 10 56.672443674176776 56.78306952523222
27 1 27.339688041594457 24.26731283100583
27 2 38.56152512998267 36.77819320376206
27 3 44.280762564991335 42.448747571218455
27 4 47.573656845753895 46.279114999298
27 5 49.523396880415945 48.9533707834115
27 6 52.469670710571926 52.20726321748796
27 7 54.41941074523397 54.38133425900495
27 8 53.94280762564991 53.4323740436382
27 9 55.06932409012132 54.66089248078006
27 10 56.10918544194108 55.82262758509323
28 1 26.8630849220104 23.256702862792523
28 2 38.21490467937608 36.178320119429685
28 3 43.80415944540728 42.57458734919713
28 4 47.96360485268631 47.57963745654651
28 5 50.82322357019065 50.55246405597506
28 6 52.33968804159446 51.74995628555035
28 7 52.686308492201036 52.15849156188217
28 8 54.37608318890814 53.94224030272835
28 9 56.1525129982669 55.69903352419362
28 10 56.499133448873486 55.65317585444113
29 1 26.51646447140381 22.851159789053167
29 2 41.117850953206236 39.432078866287156
29 3 46.577123050259964 45.10375313507129
29 4 50.04332755632582 48.81243174796977
29 5 52.512998266897746 51.53336878557451
29 6 53.639514731369154 52.86770814747249
29 7 53.552859618717505 52.662222897198774
29 8 54.98266897746967 54.19348797579333
29 9 56.06585788561526 55.52580510618987
29 10 56.32582322357019 55.865535775376884
30 1 27.123050259965336 23.451552019639358
30 2 37.65164644714038 35.37260726295055
30 3 43.41421143847487 41.316983637027676
30 4 46.2738301559792 45.05526875000326
30 5 49.82668977469671 48.79940563332724
30 6 52.599653379549395 51.62832801481123
30 7 54.24610051993067 53.43917612069934
30 8 55.93587521663779 55.39517197911336
30 9 55.892547660311955 55.63246809020021
30 10 57.40901213171578 56.87733128022266
31 1 26.03986135181976 22.684837743062367
31 2 37.3050259965338 35.64516477274519
31 3 45.493934142114384 43.76073021048259
31 4 47.66031195840554 46.24591417825165
31 5 51.386481802426346 50.01214015929298
31 6 53.379549393414216 52.42397213559765
31 7 55.28596187175043 54.496604268095304
31 8 56.28249566724437 55.84618434589576
31 9 57.92894280762565 57.44572478657145
31 10 58.015597920277294 57.58244111580769
32 1 28.07625649913345 24.225515274342797
32 2 41.161178509532064 39.70529626703477
32 3 45.06065857885615 44.082913795380364
32 4 48.96013864818024 48.062435622336785
32 5 51.08318890814558 50.54465981350198
32 6 52.469670710571926 52.27238369869137
32 7 53.466204506065864 53.15808781681546
32 8 54.80935875216638 54.55968259953393
32 9 56.975736568457535 56.68859968152263
32 10 57.62564991334489 57.50286797104513
33 1 27.38301559792028 23.85522601037279
33 2 37.954939341421145 36.80785058342846
33 3 44.367417677642976 43.31373641961065
33 4 48.09358752166378 47.64010022965684
33 5 50.25996533795494 49.62911402221884
33 6 52.85961871750433 52.1528464372302
33 7 54.1161178509532 53.13312091021443
33 8 55.4159445407279 54.810128701059405
33 9 55.892547660311955 55.287167701560826
33 10 57.149046793760824 56.65615901747317
34 1 26.603119584055456 23.20768594660465
34 2 39.68804159445407 37.380121373044766
34 3 44.80069324090121 42.98251394316538
34 4 49.17677642980936 48.26960521419174
34 5 51.16984402079723 50.33306878166993
34 6 52.729636048526864 52.06111140118524
34 7 53.7261698440208 52.820644751221025
34 8 55.63258232235702 54.93755594862498
34 9 57.712305025996535 56.90930558071348
34 10 58.752166377816295 57.97955333505509
35 1 28.162911611785095 24.812711024228566
35 2 38.17157712305026 35.43161092925686
35 3 44.367417677642976 42.53967620705857
35 4 48.09358752166378 47.259747001121156
35 5 50.95320623916811 50.3245143225188
35 6 53.379549393414216 52.75477727375566
35 7 54.02946273830156 53.528665598251266
35 8 56.54246100519931 56.171546128819706
35 9 57.105719237435004 56.587057194547555
35 10 57.36568457538995 56.812059759813025
36 1 27.079722703639515 24.231822769813533
36 2 37.6949740034662 36.10604398422855
36 3 44.80069324090121 43.7736054764373
36 4 48.74350086655112 47.72312125724724
36 5 51.25649913344888 50.722922911704174
36 6 53.422876949740036 53.265036397236386
36 7 54.93934142114385 54.4464858407044
36 8 55.54592720970537 55.41820179797221
36 9 56.7157712305026 56.46591111215302
36 10 57.538994800693246 57.03770408818356
37 1 28.596187175043326 26.298485655967678
37 2 38.04159445407279 36.663857176986276
37 3 44.10745233968804 43.37687654849566
37 4 48.83015597920277 48.01455304168856
37 5 50.77989601386482 50.07399699297055
37 6 54.1161178509532 53.545743108417156
37 7 54.02946273830156 53.77156748246924
37 8 56.32582322357019 55.999914264897185
37 9 56.672443674176776 55.93608649082673
37 10 57.668977469670715 57.264721960122635
38 1 25.0 22.83559552318041
38 2 38.9948006932409 37.17012574732251
38 3 43.63084922010398 42.591437285392175
38 4 47.87694974003466 47.27395217829992
38 5 50.04332755632582 49.696104638482794
38 6 53.379549393414216 52.78055249970387
38 7 55.11265164644714 54.749642515128535
38 8 55.63258232235702 55.41535047576126
38 9 55.762564991334486 55.79752485659388
38 10 56.845753899480066 56.766611606689565
39 1 26.083188908145583 22.074164529259036
39 2 38.21490467937608 35.871907455402926
39 3 43.45753899480069 41.83228809091709
39 4 47.70363951473137 46.30086230171628
39 5 50.77989601386482 49.779229584861255
39 6 53.509532062391685 52.67580260387971
39 7 54.89601386481803 53.89459248481372
39 8 56.802426343154245 55.914116816913804
39 9 57.538994800693246 56.89103017946312
39 10 57.49566724436742 56.737050150596055
40 1 28.249566724436743 24.611977337691567
40 2 40.38128249566724 38.44645042218622
40 3 47.183708838821495 45.72765403409645
40 4 49.74003466204506 48.87746416885162
40 5 52.90294627383015 51.88380909245741
40 6 53.81282495667244 52.90025094710242
40 7 55.54592720970537 55.00155766915207
40 8 56.932409012131714 56.44373308960229
40 9 57.668977469670715 57.30099766513832
40 10 58.015597920277294 57.63181486971598
41 1 25.99653379549394 23.386408935616103
41 2 37.21837088388215 35.469604896952305
41 3 44.10745233968804 42.69996779425047
41 4 47.83362218370884 46.728046337243015
41 5 50.04332755632582 49.26589460202227
41 6 52.20970537261699 52.025351870544114
41 7 53.98613518197573 53.54384812733623
41 8 55.02599653379549 54.99725763410995
41 9 56.02253032928943 55.820573433212616
41 10 56.629116117850955 56.56334910480809
42 1 28.856152512998268 25.569639311407755
42 2 41.76776429809358 40.444668170590255
42 3 48.396880415944544 47.43279926894003
42 4 51.386481802426346 50.653616205156226
42 5 52.946273830155974 52.063931524066895
42 6 53.94280762564991 53.42115590740051
42 7 55.50259965337955 54.81897654911197
42 8 56.975736568457535 56.345593409474695
42 9 57.19237435008665 56.570502889274245
42 10 58.05892547660312 57.763145874224676
43 1 26.559792027729635 23.802290253940143
43 2 38.43154246100519 36.64698707187801
43 3 43.93414211438475 42.96306475005112
43 4 48.7001733102253 48.14547915051246
43 5 51.81975736568457 51.59967986442355
43 6 53.20623916811091 53.16980831631927
43 7 54.41941074523397 54.307290619985935
43 8 55.719237435008665 55.63239388191028
43 9 56.932409012131714 57.113820251201766
43 10 57.06239168110918 56.97227098629566
44 1 26.993067590987867 23.618542425082246
44 2 38.56152512998267 36.417998763784865
44 3 45.92720970537262 44.839721343289604
44 4 49.220103986135186 48.46460875372494
44 5 51.51646447140381 50.690505436272915
44 6 52.946273830155974 52.30753921580844
44 7 53.98613518197573 53.30055277506148
44 8 55.63258232235702 55.200264305543115
44 9 57.019064124783355 56.57761584478986
44 10 57.36568457538995 56.87617389608418
45 1 26.733102253032932 24.307564926429936
45 2 36.915077989601386 35.571743945211516
45 3 43.02426343154246 42.228689963418525
45 4 47.400346620450605 47.118842232216295
45 5 50.5632582322357 49.686807762771
45 6 53.466204506065864 53.243450244430434
45 7 54.37608318890814 54.25350673112443
45 8 56.54246100519931 56.604718366682064
45 9 56.45580589254766 56.41931083789178
45 10 57.712305025996535 57.545585394958756
46 1 26.299826689774697 24.036678781498196
46 2 37.47833622183709 35.50678118307092
46 3 43.63084922010398 41.85201603036483
46 4 47.61698440207972 46.68592601355587
46 5 49.30675909878683 48.80669563897274
46 6 51.906412478336215 51.74489534768762
46 7 54.37608318890814 54.23351202919143
46 8 55.24263431542461 54.77685180415299
46 9 55.19930675909879 54.63208743928911
46 10 56.499133448873486 56.38902737804682
47 1 28.03292894280763 25.646223995726814
47 2 38.77816291161179 37.35226746920679
47 3 46.10051993067591 44.44990877050287
47 4 48.74350086655112 46.97761433732064
47 5 50.82322357019065 49.518933667141084
47 6 52.33968804159446 51.137979385893175
47 7 53.466204506065864 52.44949964872302
47 8 53.94280762564991 52.781400677653025
47 9 54.98266897746967 54.003503260567356
47 10 55.54592720970537 54.58222021716064
48 1 25.82322357019064 22.50100946522614
48 2 36.56845753899481 34.89245340137195
48 3 43.11091854419411 42.081468373537696
48 4 47.87694974003466 46.99352968614876
48 5 49.13344887348354 47.77895851042507
48 6 52.20970537261699 51.264230773950544
48 7 53.89948006932409 52.958747980335644
48 8 56.10918544194108 55.40114656989581
48 9 57.27902946273831 56.7492607208093
48 10 57.798960138648184 57.11447758687414
49 1 28.249566724436743 24.94703093732773
49 2 40.94454072790295 38.41826739169204
49 3 46.75043327556326 45.44806807628643
49 4 50.649913344887345 49.47568121633405
49 5 52.9896013864818 52.422489037322386
49 6 54.24610051993067 53.57362500885516
49 7 56.845753899480066 56.3283018087953
49 8 57.36568457538995 56.661977472316
49 9 56.975736568457535 56.33121734088095
49 10 58.4055459272097 57.88802944354724
50 1 27.4263431542461 23.988863211849146
50 2 39.51473136915078 36.673665538230594
50 3 44.75736568457539 42.89701765347427
50 4 48.83015597920277 47.80678516389641
50 5 52.16637781629117 51.42904667932251
50 6 54.41941074523397 53.799592591976385
50 7 55.37261698440208 54.72425779337466
50 8 55.45927209705373 54.28279008836796
50 9 56.629116117850955 55.61316577802158
50 10 57.798960138648184 57.15487490706839
51 1 25.953206239168107 22.446266144859244
51 2 37.911611785095324 36.02435226442233
51 3 45.320623916811094 44.754374850891615
51 4 49.653379549393414 48.852265285838996
51 5 52.38301559792028 51.82032628943657
51 6 54.41941074523397 54.01178681799288
51 7 56.759098786828424 56.17974915529646
51 8 56.54246100519931 55.859818082515474
51 9 57.32235701906413 56.74660696435813
51 10 57.798960138648184 57.165400355814775
52 1 26.776429809358753 22.899183290908457
52 2 38.258232235701904 35.29643624566309
52 3 41.984402079722706 40.61554687232366
52 4 47.443674176776426 46.882134014031124
52 5 50.649913344887345 50.082510925541804
52 6 52.772963604852684 52.16786525956072
52 7 53.7261698440208 53.19278854953989
52 8 55.84922010398613 55.54545103908667
52 9 56.932409012131714 56.09076648227435
52 10 57.798960138648184 56.98892633441246
53 1 27.68630849220104 24.153856217020845
53 2 37.911611785095324 35.87868188007114
53 3 43.89081455805893 42.580604437051534
53 4 48.52686308492201 47.5992803845557
53 5 51.429809358752166 50.76144849573379
53 6 53.24956672443674 52.76029302420802
53 7 54.37608318890814 53.57615845474808
53 8 55.4159445407279 54.59114757441357
53 9 56.7157712305026 56.005583549467744
53 10 57.49566724436742 56.899130536850194
54 1 27.123050259965336 24.12375243267769
54 2 38.47487001733102 36.75439487570718
54 3 45.233968804159446 44.02550803790565
54 4 49.09012131715772 48.542918766494445
54 5 50.95320623916811 50.94547233963311
54 6 53.379549393414216 53.04172597529264
54 7 55.63258232235702 55.24265606699005
54 8 56.629116117850955 56.129109100696525
54 9 56.759098786828424 56.49764846026466
54 10 57.36568457538995 57.16485225608503
55 1 26.386481802426342 23.251633836264638
55 2 37.65164644714038 36.81205619101786
55 3 43.370883882149045 43.39976596021945
55 4 47.96360485268631 47.42011935590966
55 5 50.69324090121318 50.15429443024267
55 6 53.03292894280762 52.372031000237776
55 7 54.24610051993067 53.699997843005406
55 8 55.80589254766031 55.20389496846029
55 9 57.36568457538995 56.68730488893885
55 10 57.27902946273831 56.61673972409439
56 1 25.693240901213173 21.98120248300554
56 2 37.26169844020797 35.658216345673274
56 3 43.71750433275563 42.934855994298054
56 4 48.05025996533796 47.04458970465787
56 5 50.95320623916811 49.77968237308908
56 6 53.379549393414216 52.55587735719547
56 7 54.46273830155979 53.543138923680345
56 8 56.802426343154245 56.13292500216461
56 9 56.932409012131714 56.34230269528185
56 10 57.23570190641247 56.82896437373266
57 1 26.819757365684577 22.59310895345351
57 2 37.39168110918544 35.236155100441245
57 3 44.280762564991335 42.63750799116461
57 4 49.30675909878683 48.18165685479522
57 5 51.906412478336215 51.140056677404424
57 6 52.816291161178505 52.40364340795101
57 7 53.682842287694974 53.06470600332286
57 8 56.06585788561526 55.40269698533671
57 9 56.41247833622184 55.95111182457385
57 10 56.975736568457535 56.432535660788965
58 1 28.20623916811092 25.316091921658924
58 2 38.258232235701904 36.64330780042515
58 3 45.363951473136915 44.844871615593895
58 4 48.31022530329289 48.09728203898611
58 5 52.296360485268636 51.85440125215547
58 6 53.81282495667244 53.39268764112701
58 7 54.63604852686309 54.13996363959463
58 8 55.762564991334486 55.33216671873606
58 9 56.54246100519931 56.17658068114159
58 10 57.019064124783355 56.67700045244308
59 1 27.642980935875215 24.01209826275138
59 2 37.954939341421145 35.3524403461612
59 3 43.977469670710576 42.20769332512613
59 4 48.22357019064125 46.71064660024959
59 5 50.99653379549394 49.77841054803286
59 6 55.32928942807626 53.88605642466898
59 7 54.67937608318891 53.675388196682874
59 8 55.762564991334486 54.97137649970433
59 9 55.719237435008665 55.31667039746411
59 10 56.32582322357019 55.62614777480411
60 1 25.99653379549394 22.000910231865625
60 2 37.911611785095324 35.839348628027594
60 3 43.63084922010398 42.20951965210229
60 4 47.09705372616985 46.319202671053986
60 5 49.653379549393414 49.1141103837453
60 6 52.16637781629117 51.800518389552394
60 7 54.8526863084922 55.040220355820956
60 8 55.719237435008665 55.791956940202695
60 9 56.7157712305026 56.82998089715379
60 10 58.015597920277294 58.07203165361487
61 1 26.429809358752166 22.39114798812924
61 2 39.5580589254766 37.8117981716445
61 3 45.62391681109185 44.895522942902566
61 4 49.09012131715772 48.344723046534696
61 5 51.21317157712305 50.74702982854006
61 6 53.509532062391685 53.021195590293516
61 7 54.59272097053726 54.81190039638595
61 8 56.10918544194108 55.939746130074106
61 9 57.755632582322356 57.57571529241976
61 10 57.885615251299825 57.64552606595766
62 1 28.422876949740033 24.905428537064463
62 2 37.3050259965338 35.424099917369944
62 3 43.93414211438475 43.1012564434148
62 4 49.04679376083189 48.51854795294434
62 5 50.99653379549394 50.609215470135595
62 6 52.33968804159446 52.08235261357868
62 7 53.29289428076257 53.053774914262185
62 8 54.76603119584056 54.47469929691099
62 9 55.15597920277296 54.8016783540507
62 10 55.4159445407279 55.42433130936153
63 1 26.03986135181976 22.076283096855025
63 2 36.871750433275565 35.00135808128237
63 3 45.493934142114384 44.4343456326653
63 4 49.09012131715772 48.103834675807065
63 5 51.776429809358746 50.98140700725954
63 6 53.336221837088395 52.80226868260306
63 7 54.46273830155979 53.64078962019566
63 8 55.719237435008665 54.721772290594274
63 9 57.23570190641247 56.676946483490454
63 10 58.188908145580584 57.56070534028631
64 1 26.299826689774697 23.31233659439885
64 2 36.48180242634315 35.55265239447071
64 3 43.500866551126514 43.4588510634927
64 4 47.66031195840554 47.39476655263948
64 5 50.86655112651647 50.964780798137085
64 6 51.906412478336215 51.63675471444994
64 7 53.639514731369154 53.31371102426268
64 8 54.50606585788561 54.372533864732596
64 9 55.37261698440208 55.21268641975372
64 10 57.23570190641247 57.23321404807611
65 1 25.433275563258235 22.632932775641653
65 2 38.64818024263432 36.687657068947075
65 3 45.407279029462735 44.252259270248885
65 4 49.30675909878683 47.88316057457084
65 5 51.386481802426346 49.84415458063829
65 6 52.469670710571926 51.73633257765346
65 7 54.80935875216638 53.753504314459235
65 8 56.802426343154245 55.980649820674245
65 9 57.668977469670715 57.04187704600072
65 10 58.23223570190641 57.67482739442373
66 1 26.603119584055456 24.40871226158831
66 2 36.741767764298096 35.24404187425449
66 3 45.10398613518198 44.50362888291593
66 4 47.0103986135182 45.92677589216514
66 5 50.38994800693241 49.403933739951135
66 6 50.736568457539 50.226402199299656
66 7 53.11958405545927 52.90995428924974
66 8 54.37608318890814 54.07242140144503
66 9 55.4159445407279 55.11259631715132
66 10 56.06585788561526 55.76150351887647
67 1 26.559792027729635 23.653274822053827
67 2 36.95840554592721 35.41775824018612
67 3 46.143847487001736 45.63561012489407
67 4 49.30675909878683 49.20765805940787
67 5 51.94974003466204 51.916345271368726
67 6 53.639514731369154 53.377862528801046
67 7 55.719237435008665 55.53063097978942
67 8 55.84922010398613 55.53673894395412
67 9 56.10918544194108 55.9722102555117
67 10 57.149046793760824 56.51959899700047
68 1 26.603119584055456 24.470118399228998
68 2 37.65164644714038 35.51969233959325
68 3 44.280762564991335 43.425652408237724
68 4 48.05025996533796 47.47836699517466
68 5 50.519930675909876 50.15129584399681
68 6 53.03292894280762 52.89695618691572
68 7 54.89601386481803 54.719705389554406
68 8 56.06585788561526 55.8721903575144
68 9 56.10918544194108 56.026594755128954
68 10 58.14558058925476 57.9691019487671
69 1 28.856152512998268 25.641925128475425
69 2 38.258232235701904 35.88662403620512
69 3 44.71403812824957 43.607232071764344
69 4 47.313691507798964 46.8003587394667
69 5 50.77989601386482 50.33777413529435
69 6 52.469670710571926 52.02215630689907
69 7 54.76603119584056 54.057954518422505
69 8 56.10918544194108 55.559482682973936
69 9 57.92894280762565 57.138161208841495
69 10 58.36221837088388 57.64932691179079
70 1 26.949740034662046 24.235855583149473
70 2 36.17850953206239 34.16523862106223
70 3 44.80069324090121 43.93430405387557
70 4 48.78682842287695 48.06504877742342
70 5 51.429809358752166 50.72056878401765
70 6 52.686308492201036 52.22627718696614
70 7 54.15944540727903 53.303397480409686
70 8 56.672443674176776 55.847899643689324
70 9 57.92894280762565 57.316235336129616
70 10 58.44887348353552 57.866907739242905
71 1 25.99653379549394 21.880217784100616
71 2 37.21837088388215 34.98031386952107
71 3 41.811091854419416 40.46948273368984
71 4 46.23050259965338 45.296304253742456
71 5 49.87001733102253 48.859161419047716
71 6 51.16984402079723 50.20092312603328
71 7 52.772963604852684 51.912835409916816
71 8 54.15944540727903 53.77493912901766
71 9 54.54939341421144 53.77502090732157
71 10 55.02599653379549 54.332472122133744
72 1 27.38301559792028 24.32519085182915
72 2 38.30155979202773 37.75946835164072
72 3 43.154246100519934 42.485951860031946
72 4 47.87694974003466 46.92737070236848
72 5 50.30329289428076 49.362720008466965
72 6 53.29289428076257 52.51927197605977
72 7 54.07279029462738 53.56137990157387
72 8 55.54592720970537 55.05777206529171
72 9 56.32582322357019 55.551811507142
72 10 56.802426343154245 56.29791393325759
73 1 26.819757365684577 23.05939952517092
73 2 36.17850953206239 34.16806405248339
73 3 46.01386481802427 44.95329989264809
73 4 49.350086655112655 48.28304377020228
73 5 50.519930675909876 49.825511090862435
73 6 52.729636048526864 51.87708628927526
73 7 54.2894280762565 53.76906042277068
73 8 55.02599653379549 54.432546970024646
73 9 56.58578856152513 55.8220859437618
73 10 57.538994800693246 57.048392699483074
74 1 25.99653379549394 23.33179590345977
74 2 37.998266897746966 36.80533626063861
74 3 44.93067590987868 43.91614628358933
74 4 48.48353552859619 47.74475027496411
74 5 51.906412478336215 51.058939112315514
74 6 53.639514731369154 52.625113082496085
74 7 54.02946273830156 53.613259275567984
74 8 55.45927209705373 54.97879201853231
74 9 56.629116117850955 56.03453997086353
74 10 57.49566724436742 56.90436948674997
75 1 26.083188908145583 22.60860547373067
75 2 37.3050259965338 34.91257611117162
75 3 44.23743500866551 42.26986882220751
75 4 47.61698440207972 46.038818002838305
75 5 50.47660311958405 48.88348435493952
75 6 53.11958405545927 51.997978381896324
75 7 54.46273830155979 53.53396508003352
75 8 55.50259965337955 54.60083295960233
75 9 55.80589254766031 54.96934354751958
75 10 55.45927209705373 54.8313672181809
76 1 28.986135181975737 26.21294902471936
76 2 40.72790294627383 38.57362474907234
76 3 45.190641247833625 43.373796129860494
76 4 47.487001733102254 46.63667682813555
76 5 50.95320623916811 50.570644037441156
76 6 53.24956672443674 52.94799366147805
76 7 55.02599653379549 54.845951740242114
76 8 55.11265164644714 55.0882185645967
76 9 57.149046793760824 57.06824736860785
76 10 58.4055459272097 58.34624642819948
77 1 29.20277296360485 25.485280439018954
77 2 38.084922010398614 35.82678621504442
77 3 43.240901213171576 42.08219844331312
77 4 47.92027729636049 47.12500107830587
77 5 50.25996533795494 49.787463078333644
77 6 53.03292894280762 52.57897527060603
77 7 54.54939341421144 54.58928976671289
77 8 55.589254766031196 55.64618661558547
77 9 56.802426343154245 56.72539579790231
77 10 57.105719237435004 56.93190041580818
78 1 27.339688041594457 24.629642208451145
78 2 38.86481802426343 36.55736717414638
78 3 43.370883882149045 42.31062105097611
78 4 47.487001733102254 46.533802918626186
78 5 48.78682842287695 48.06244980960812
78 6 50.77989601386482 50.28180824783649
78 7 51.863084922010394 51.14769449936891
78 8 52.946273830155974 52.081358655519075
78 9 53.98613518197573 53.16652761603301
78 10 54.76603119584056 53.841226449366
79 1 25.086655112651645 21.14172940540913
79 2 38.6048526863085 36.65266749496319
79 3 43.93414211438475 43.07114396799088
79 4 49.00346620450606 48.22616811528101
79 5 51.47313691507799 50.55071699390445
79 6 52.729636048526864 52.01387374413978
79 7 54.41941074523397 53.87601941539947
79 8 56.06585788561526 56.01975139902632
79 9 56.88908145580589 56.83339924122507
79 10 57.27902946273831 57.20785694608883
80 1 26.733102253032932 23.105578293749303
80 2 36.48180242634315 34.198674822780006
80 3 44.150779896013866 42.54763665979478
80 4 49.13344887348354 47.860343857571934
80 5 49.95667244367418 49.08061013325948
80 6 51.906412478336215 50.96649028113863
80 7 54.41941074523397 53.578440834961036
80 8 55.67590987868284 55.057762926302935
80 9 57.32235701906413 56.74219732749914
80 10 58.23223570190641 57.50271428931867
81 1 26.646447140381284 23.493746298743357
81 2 37.8682842287695 35.89767891069671
81 3 44.150779896013866 43.12287999511244
81 4 47.313691507798964 46.20232041469364
81 5 50.08665511265165 49.185500767184564
81 6 52.599653379549395 52.0025352322657
81 7 53.81282495667244 53.191428409609976
81 8 54.50606585788561 53.81025437405159
81 9 55.4159445407279 54.80083406923863
81 10 56.23916811091855 55.463931913387796
82 1 26.429809358752166 23.050355678593412
82 2 37.56499133448873 35.06653811387058
82 3 44.0207972270364 42.23860110756648
82 4 46.8370883882149 45.32989997156672
82 5 49.09012131715772 48.131975365089524
82 6 51.64644714038128 50.43460489296421
82 7 53.16291161178509 52.27670552591558
82 8 53.7261698440208 53.03671923283879
82 9 56.19584055459272 55.5127052946082
82 10 56.41247833622184 55.712471367628105
83 1 26.993067590987867 23.65693462783028
83 2 39.038128249566725 37.91366052492043
83 3 44.80069324090121 43.656907913891274
83 4 49.13344887348354 47.816864538050154
83 5 52.20970537261699 51.37020916206454
83 6 53.856152512998264 53.20296378028999
83 7 54.41941074523397 53.89962670803489
83 8 55.93587521663779 55.378248034814206
83 9 57.36568457538995 57.044231618528144
83 10 57.49566724436742 57.30190914391288
84 1 26.689774696707108 23.337838202318327
84 2 37.60831889081456 35.445074737339
84 3 45.45060658578856 44.011848597344795
84 4 48.18024263431543 47.143447466166975
84 5 50.47660311958405 49.73124984822753
84 6 52.9896013864818 52.4566392860217
84 7 54.15944540727903 53.72302835021725
84 8 54.89601386481803 54.548461450171224
84 9 55.32928942807626 54.88315414872308
84 10 56.672443674176776 56.40203443327665
85 1 26.559792027729635 23.389550550113675
85 2 37.954939341421145 35.56839452748956
85 3 44.45407279029463 42.9123662133258
85 4 47.66031195840554 46.348011764969385
85 5 51.25649913344888 50.204147788388894
85 6 52.556325823223574 51.59822552804694
85 7 53.98613518197573 52.94094032027004
85 8 55.19930675909879 54.4774907577529
85 9 55.67590987868284 55.02118524291056
85 10 56.975736568457535 56.49182180270815
86 1 27.946273830155977 25.152438172464763
86 2 38.82149046793761 37.12896415979229
86 3 45.407279029462735 44.22828467032652
86 4 49.04679376083189 48.34220042792277
86 5 51.34315424610052 51.02801826708345
86 6 54.20277296360485 53.808698039492306
86 7 54.98266897746967 54.539870186551695
86 8 56.759098786828424 56.3050216935361
86 9 56.975736568457535 56.76037151492853
86 10 57.538994800693246 57.24682079463711
87 1 26.126516464471404 22.58883990352645
87 2 37.954939341421145 35.79764382688754
87 3 42.37435008665511 41.042471501089345
87 4 46.62045060658579 45.7937421520026
87 5 50.21663778162912 49.643444337870605
87 6 52.426343154246105 51.81387166335274
87 7 53.94280762564991 53.635108750463864
87 8 55.45927209705373 55.07960424923834
87 9 56.32582322357019 55.91711029953335
87 10 58.015597920277294 57.85694580054192
88 1 26.473136915077987 23.654971162384783
88 2 39.38474870017331 37.587053383310675
88 3 45.62391681109185 44.430062877332176
88 4 48.78682842287695 48.09225857766113
88 5 52.16637781629117 51.64106318313315
88 6 54.07279029462738 53.541875369198664
88 7 55.67590987868284 55.35864050942543
88 8 56.1525129982669 55.760863143800506
88 9 55.67590987868284 55.374070263878714
88 10 57.538994800693246 57.19939288020049
89 1 27.209705372616984 23.830496491731616
89 2 37.088388214904676 35.284194696707246
89 3 42.114384748700175 41.31602556707021
89 4 47.400346620450605 46.456547215335746
89 5 49.82668977469671 49.797953430948056
89 6 50.82322357019065 50.51079116989941
89 7 53.89948006932409 53.63464267093624
89 8 54.59272097053726 54.18284194422379
89 9 55.67590987868284 55.411764683422284
89 10 56.1525129982669 56.391987072738395
90 1 27.29636048526863 23.999219983302403
90 2 36.915077989601386 34.70498940684911
90 3 42.98093587521664 41.31247981398687
90 4 47.70363951473137 46.32663699939704
90 5 50.649913344887345 49.29145056951993
90 6 52.772963604852684 51.76499394586946
90 7 54.67937608318891 53.80900018599832
90 8 56.06585788561526 55.29221548027139
90 9 56.02253032928943 55.42271718729245
90 10 56.759098786828424 56.12388378573348
91 1 26.733102253032932 24.690788493252807
91 2 36.65511265164645 35.737187020056105
91 3 41.46447140381282 40.17524078583878
91 4 47.270363951473136 46.32022536418773
91 5 51.559792027729635 50.8032482436491
91 6 52.729636048526864 52.160897371734436
91 7 55.93587521663779 55.114696465981396
91 8 56.845753899480066 56.16250077793694
91 9 57.06239168110918 56.635189684064926
91 10 57.06239168110918 56.66693801685106
92 1 26.299826689774697 22.03781706615367
92 2 37.78162911611785 35.986434639068726
92 3 44.97400346620451 44.136884241490364
92 4 49.393414211438476 48.73456204082192
92 5 52.556325823223574 52.19611067807614
92 6 53.7261698440208 53.134865372299735
92 7 55.63258232235702 55.30118087469425
92 8 56.58578856152513 56.40069692018105
92 9 57.798960138648184 57.4227075392336
92 10 58.14558058925476 57.893573785070394
93 1 28.162911611785095 24.81566727209254
93 2 37.001733102253034 35.07580356460325
93 3 44.23743500866551 42.57345397059214
93 4 48.570190641247834 47.22928737691362
93 5 50.12998266897747 49.26827376473446
93 6 52.33968804159446 51.32197963752616
93 7 53.89948006932409 53.21326964192482
93 8 54.93934142114385 54.32027756868464
93 9 56.06585788561526 55.966797505201505
93 10 57.4523396880416 57.24234783050874
94 1 25.17331022530329 22.423829600068096
94 2 37.088388214904676 34.9232061248862
94 3 42.50433275563258 41.24959320729104
94 4 48.31022530329289 47.41065447733743
94 5 51.08318890814558 49.96913258280801
94 6 52.296360485268636 51.1975877724359
94 7 53.94280762564991 53.00286649342871
94 8 54.59272097053726 53.48685999472729
94 9 55.32928942807626 54.54944339036616
94 10 56.41247833622184 55.77476342568799
95 1 26.559792027729635 24.057237193047524
95 2 38.17157712305026 37.57709802712465
95 3 44.88734835355286 44.31500965251432
95 4 49.13344887348354 48.40529262019621
95 5 52.12305025996534 51.870388028426405
95 6 53.59618717504333 53.22210765198627
95 7 54.02946273830156 53.72608898343958
95 8 55.589254766031196 55.61744333061909
95 9 56.499133448873486 56.41738843325439
95 10 55.50259965337955 55.449726729719686
96 1 27.253032928942805 24.07417463834478
96 2 39.90467937608319 37.560951272028596
96 3 43.11091854419411 41.49350076369845
96 4 47.0103986135182 45.700782634529716
96 5 49.91334488734835 49.02789513513319
96 6 51.689774696707104 50.91964817373563
96 7 54.07279029462738 52.83327692909094
96 8 55.54592720970537 54.823405986746906
96 9 56.629116117850955 56.10085845196466
96 10 57.755632582322356 57.25858378931083
97 1 28.379549393414212 25.407036200287074
97 2 39.948006932409015 37.92828984324801
97 3 45.45060658578856 44.62597998812899
97 4 49.00346620450606 48.39364700313585
97 5 50.60658578856152 50.361674536277775
97 6 52.512998266897746 52.342213146116976
97 7 54.8526863084922 54.07292682523842
97 8 57.27902946273831 56.7604573243288
97 9 57.798960138648184 57.4228471109965
97 10 58.83882149046794 58.5973808273433
98 1 27.03639514731369 23.926896895410408
98 2 38.34488734835355 36.606706962236416
98 3 45.277296360485266 43.772566416411024
98 4 49.350086655112655 48.73968484735218
98 5 52.512998266897746 52.24866916163706
98 6 53.7261698440208 53.140263101185994
98 7 55.28596187175043 54.71983333576959
98 8 57.06239168110918 56.67340123238893
98 9 57.668977469670715 57.32243368084022
98 10 58.23223570190641 57.799122549256445
99 1 26.429809358752166 24.844342790878578
99 2 38.82149046793761 36.909659250525515
99 3 42.93760831889081 42.10627841135557
99 4 47.053726169844026 46.041720628853795
99 5 51.51646447140381 50.99898061372624
99 6 53.422876949740036 52.846289485482565
99 7 54.76603119584056 54.50089622994431
99 8 56.02253032928943 55.43194938957669
99 9 56.802426343154245 56.487195295427874
99 10 57.538994800693246 57.10184638881827
