0 1 2 3
0 1 11.351819757365684 10.28570132614665
0 2 16.55112651646447 14.782074564214835
0 3 20.493934142114384 19.573950574996797
0 4 23.700173310225303 22.683436519135647
0 5 25.606585788561524 24.20356931956858
0 6 27.16637781629116 25.467025950781103
0 7 29.07279029462738 27.379848046889133
0 8 30.805892547660314 29.372995455745222
0 9 30.805892547660314 29.35593267089355
0 10 31.325823223570193 29.696295344612388
1 1 11.525129982668977 9.723246107701755
1 2 17.33102253032929 15.78220646903103
1 3 20.97053726169844 19.595853320030407
1 4 24.826689774696707 24.07508717216454
1 5 26.386481802426342 25.16887446606845
1 6 26.8630849220104 25.785548400661433
1 7 28.509532062391678 27.347396937298544
1 8 29.246100519930675 28.13383182182846
1 9 29.679376083188906 28.673932734694407
1 10 30.54592720970537 29.119786508210378
2 1 10.875216637781628 9.489821372971203
2 2 17.504332755632582 15.704745673244075
2 3 20.92720970537262 18.941230956565455
2 4 23.873483535528596 22.365587338514185
2 5 25.12998266897747 23.454935801548245
2 6 26.51646447140381 25.21703359659063
2 7 27.946273830155977 26.174563493377136
2 8 29.20277296360485 27.212248840953592
2 9 30.11265164644714 28.280678213792015
2 10 30.502599653379548 28.513273553088915
3 1 11.69844020797227 9.726278076427716
3 2 16.204506065857885 15.202198989309249
3 3 18.80415944540728 18.216838719101663
3 4 22.05372616984402 21.192293618037652
3 5 24.306759098786827 23.39899580235032
3 6 25.64991334488735 24.9247129317595
3 7 28.20623916811092 27.639901828075093
3 8 29.462738301559792 28.47983720704541
3 9 30.025996533795496 28.8373746833225
3 10 30.19930675909879 28.757594417968658
4 1 13.69150779896014 11.730063618527401
4 2 18.370883882149048 16.576232244333163
4 3 20.19064124783362 18.493388687543565
4 4 23.09358752166378 21.0712597931593
4 5 25.779896013864818 24.04494055482225
4 6 26.559792027729635 24.422792724330805
4 7 27.55632582322357 25.336175768856428
4 8 28.379549393414212 26.45174644919923
4 9 29.766031195840554 27.75424780885186
4 10 30.06932409012132 28.253169319679454
5 1 12.348353552859619 10.81074745129037
5 2 16.464471403812826 14.83831344115937
5 3 20.060658578856152 19.59203675144685
5 4 22.876949740034664 22.41435578795769
5 5 24.306759098786827 23.354793846761403
5 6 25.38994800693241 24.487869088258364
5 7 26.819757365684577 26.02525467943073
5 8 27.989601386481805 26.642016496739984
5 9 30.24263431542461 29.184224688760168
5 10 29.8526863084922 28.955410685271133
6 1 12.91161178509532 11.236938680272642
6 2 15.814558058925476 14.343553336616804
6 3 20.19064124783362 18.63074752345712
6 4 22.876949740034664 21.804204592103513
6 5 24.523396880415945 23.185651926067084
6 6 25.606585788561524 24.121656788832983
6 7 26.733102253032932 25.189706778728493
6 8 28.292894280762564 27.044234214619927
6 9 28.812824956672443 28.009054493813647
6 10 29.54939341421144 28.64012107341482
7 1 13.864818024263432 12.475847503704081
7 2 17.85095320623917 15.981167782550813
7 3 20.320623916811094 19.076451334957746
7 4 22.96360485268631 21.473032627761448
7 5 25.34662045060659 23.98875798362296
7 6 27.079722703639515 25.54584901501899
7 7 28.596187175043326 27.554158975882686
7 8 29.462738301559792 28.451771810030046
7 9 30.285961871750434 29.107471032920547
7 10 31.325823223570193 30.645895139192554
8 1 11.95840554592721 10.773938396338474
8 2 19.194107452339686 16.810351828429255
8 3 22.183708838821488 20.432685968245565
8 4 22.400346620450605 20.873219673427528
8 5 25.086655112651645 23.981951525969052
8 6 25.82322357019064 24.72103309743722
8 7 26.993067590987867 26.29616086772586
8 8 27.902946273830153 26.595129419335528
8 9 28.856152512998268 27.859645409820633
8 10 29.98266897746967 28.81228101118023
9 1 11.655112651646448 10.444167447756303
9 2 17.20103986135182 15.692213778785845
9 3 21.663778162911612 19.757530509533392
9 4 24.74003466204506 22.966543106822524
9 5 26.299826689774697 25.051997561128942
9 6 28.07625649913345 26.673913693686103
9 7 29.246100519930675 28.305295896310728
9 8 30.24263431542461 29.003475589380635
9 9 30.37261698440208 28.89329777369303
9 10 30.675909878682845 29.170642066126927
10 1 12.954939341421143 11.703771448615786
10 2 16.897746967071058 15.51000464671769
10 3 20.753899480069325 19.204163219893726
10 4 23.873483535528596 22.56596071889072
10 5 25.82322357019064 24.537705927741264
10 6 27.123050259965336 25.509714661218975
10 7 28.07625649913345 26.333401681168255
10 8 28.7261698440208 27.38438114196625
10 9 29.93934142114385 28.606563218217584
10 10 30.155979202772965 29.01464153291912
11 1 13.474870017331023 11.841257310728619
11 2 16.984402079722706 15.27118571795469
11 3 20.493934142114384 19.18305299937157
11 4 23.353552859618716 22.774959891739936
11 5 25.17331022530329 24.26575950023264
11 6 26.733102253032932 26.032186987498797
11 7 27.729636048526864 26.991687162556616
11 8 29.59272097053726 28.627124766256124
11 9 29.679376083188906 28.99765487443606
11 10 30.329289428076255 29.429525290502635
12 1 13.388214904679376 12.070138262620361
12 2 17.504332755632582 16.13744482007571
12 3 21.273830155979205 20.145770349569478
12 4 23.180242634315423 22.38924588949552
12 5 23.91681109185442 23.06948046221697
12 6 26.8630849220104 25.55463254388353
12 7 27.123050259965336 25.680226316206266
12 8 29.54939341421144 27.891518958994094
12 9 29.8526863084922 28.351593730693402
12 10 30.415944540727903 28.747357725996736
13 1 11.741767764298093 9.633804351301935
13 2 16.507798960138647 15.37607887155209
13 3 20.233968804159446 19.08463238243251
13 4 22.833622183708837 21.474055155439466
13 5 24.74003466204506 23.507513247127033
13 6 26.603119584055456 25.398369419783844
13 7 27.81629116117851 26.629959349807038
13 8 28.639514731369154 27.19915464001636
13 9 30.285961871750434 28.61019620998528
13 10 31.499133448873483 29.85144691320277
14 1 13.821490467937608 12.262754038779613
14 2 17.504332755632582 16.49700874529789
14 3 20.537261698440208 19.401713378280824
14 4 23.786828422876948 22.21802876168926
14 5 26.16984402079723 24.672153864778167
14 6 26.8630849220104 25.53317675242934
14 7 28.162911611785095 26.807473694654387
14 8 29.72270363951473 28.26237631692214
14 9 29.59272097053726 27.829400386355225
14 10 31.23916811091854 29.630508750464763
15 1 11.091854419410744 9.833961722874026
15 2 16.334488734835357 15.123165515688402
15 3 20.363951473136915 18.614081013960046
15 4 22.0103986135182 20.184906898508363
15 5 24.826689774696707 22.93907714870997
15 6 26.473136915077987 24.90436750080478
15 7 26.733102253032932 25.625748443103458
15 8 28.07625649913345 27.436746583521355
15 9 28.7261698440208 28.139319261308565
15 10 29.506065857885616 28.638612408920366
16 1 12.088388214904679 10.409665939244661
16 2 18.80415944540728 16.802075496240626
16 3 21.620450606585788 19.901177034433637
16 4 23.873483535528596 22.409416276006557
16 5 25.51993067590988 24.586988853085323
16 6 27.38301559792028 26.441431960271245
16 7 27.4263431542461 26.365744656851366
16 8 29.116117850953206 27.769758792846556
16 9 29.679376083188906 28.12391858066836
16 10 30.675909878682845 29.45030467589499
17 1 10.74523396880416 9.525746877260183
17 2 16.724436741767764 15.120967067685593
17 3 20.623916811091856 18.417841292257087
17 4 22.400346620450605 20.702357039864168
17 5 24.306759098786827 23.296802529375753
17 6 25.563258232235704 24.602924011106214
17 7 26.689774696707108 25.766678506018657
17 8 28.07625649913345 27.361416719642662
17 9 28.422876949740033 27.90598420313477
17 10 29.59272097053726 28.936838407316074
18 1 10.658578856152513 9.477122951218988
18 2 14.991334488734836 13.809780171787137
18 3 20.19064124783362 18.93659235341057
18 4 21.317157712305026 19.4489200570881
18 5 23.483535528596185 21.621606066700497
18 6 24.56672443674177 22.77038146349973
18 7 26.03986135181976 24.49618607003652
18 8 27.209705372616984 25.688121676799486
18 9 27.946273830155977 26.851855710990076
18 10 28.596187175043326 27.589179656812284
19 1 12.175043327556326 11.055849960729365
19 2 18.327556325823224 17.112648215513723
19 3 20.147313691507797 19.47165919065639
19 4 23.483535528596185 22.34868648824677
19 5 25.433275563258235 24.450199361597296
19 6 26.559792027729635 25.495093098203807
19 7 27.599653379549395 26.61664486717294
19 8 27.81629116117851 26.548370707140336
19 9 28.552859618717502 27.792608230345216
19 10 28.812824956672443 28.059713581907165
20 1 11.611785095320624 9.503497902558617
20 2 15.207972270363951 13.96918350868944
20 3 19.280762564991335 17.855227006075772
20 4 22.227036395147316 21.086234539505483
20 5 24.003466204506065 22.603613518718323
20 6 25.086655112651645 23.60825452237991
20 7 26.646447140381284 24.98579488293342
20 8 28.03292894280763 25.700126866183055
20 9 28.379549393414212 26.4501887441697
20 10 28.942807625649912 27.019368897401957
21 1 11.915077989601386 9.852630698782225
21 2 16.68110918544194 14.91745396162262
21 3 20.537261698440208 18.54440656822795
21 4 22.31369150779896 20.5029693009037
21 5 25.30329289428076 24.060507579909796
21 6 26.90641247833622 25.286510087505825
21 7 27.772963604852684 25.668863599025745
21 8 28.899480069324092 27.108323797576507
21 9 29.766031195840554 27.79075024188907
21 10 29.98266897746967 28.055007347044846
22 1 12.348353552859619 10.543997639170714
22 2 18.284228769497403 16.777854328068706
22 3 20.97053726169844 19.856409529482264
22 4 22.876949740034664 21.323894479066034
22 5 23.656845753899482 22.311166204328956
22 6 25.17331022530329 23.25216052034658
22 7 26.819757365684577 25.587177646024
22 8 28.986135181975737 28.069078614675984
22 9 29.289428076256502 28.002605309461874
22 10 29.98266897746967 28.497443274201174
23 1 13.214904679376083 11.416574352384078
23 2 17.634315424610055 16.019505373587705
23 3 21.447140381282495 20.06423171055586
23 4 23.310225303292896 22.108732187115052
23 5 24.610051993067593 22.60898821692559
23 6 25.693240901213173 23.767843546417744
23 7 27.339688041594457 24.917739677882967
23 8 29.376083188908147 27.190774914131243
23 9 29.98266897746967 27.830236132600746
23 10 30.935875216637783 29.15427176687325
24 1 12.478336221837088 10.795614812031562
24 2 16.76776429809359 16.10035084185011
24 3 20.363951473136915 19.29467772477079
24 4 23.1369150779896 21.889954632491406
24 5 24.090121317157713 22.720915634981008
24 6 25.0 23.514113654843616
24 7 26.256499133448873 25.225170075296177
24 8 28.336221837088388 27.383316296047756
24 9 29.54939341421144 28.392697472238794
24 10 29.896013864818023 29.03875394039798
25 1 12.001733102253032 10.600224713828638
25 2 17.7209705372617 16.160954287171066
25 3 20.92720970537262 19.64487463930399
25 4 23.1369150779896 22.139531752723606
25 5 25.086655112651645 24.302942407765197
25 6 27.38301559792028 26.076465586358793
25 7 28.7261698440208 27.173680038976556
25 8 29.54939341421144 28.141828569725018
25 9 29.93934142114385 28.627270864690324
25 10 29.98266897746967 28.073014078709303
26 1 11.741767764298093 10.49254040281079
26 2 16.11785095320624 14.325951826492025
26 3 22.097053726169843 20.458091015792448
26 4 23.39688041594454 21.74074151259603
26 5 24.133448873483534 22.764837572557163
26 6 25.953206239168107 24.34439206614353
26 7 27.599653379549395 26.108812499556542
26 8 28.20623916811092 26.70911336651441
26 9 28.20623916811092 26.64764636967115
26 10 28.942807625649912 27.761378294892523
27 1 12.261698440207972 10.887268787400924
27 2 18.110918544194107 16.76797442605016
27 3 20.88388214904679 19.36868093824608
27 4 24.090121317157713 23.040319392838384
27 5 24.956672443674176 24.003321952491262
27 6 27.339688041594457 26.451448766222462
27 7 27.209705372616984 26.194403092222863
27 8 28.856152512998268 28.087945595445053
27 9 29.41941074523397 28.524625087313538
27 10 30.415944540727903 29.553355095605717
28 1 12.91161178509532 11.00020490232298
28 2 17.157712305025996 16.242581058525683
28 3 21.187175043327557 19.883771965985808
28 4 24.653379549393414 23.145515936215283
28 5 26.126516464471404 24.40308544523446
28 6 27.68630849220104 26.04498474827775
28 7 29.289428076256502 27.497626618925413
28 8 29.02946273830156 27.363607351095908
28 9 31.28249566724437 29.56340676226599
28 10 31.58578856152513 30.098936608218253
29 1 11.69844020797227 10.606123982706219
29 2 16.76776429809359 15.628677231525112
29 3 19.020797227036397 17.868808187065543
29 4 22.44367417677643 21.586840277520707
29 5 23.656845753899482 22.817809075356223
29 6 24.783362218370883 23.57421545315168
29 7 25.216637781629114 24.152929144916136
29 8 28.20623916811092 27.095257562624873
29 9 29.289428076256502 27.957511036876166
29 10 30.11265164644714 28.930308465824616
30 1 11.915077989601386 10.16395651576983
30 2 17.027729636048527 15.109900280011674
30 3 20.103986135181977 18.796578431942564
30 4 21.967071057192374 20.306225658296732
30 5 25.30329289428076 23.881100826687923
30 6 26.213171577123052 25.16716049119621
30 7 27.339688041594457 26.60581728745256
30 8 28.422876949740033 27.38819284239373
30 9 29.98266897746967 28.828856517201924
30 10 31.28249566724437 30.02891990817902
31 1 12.348353552859619 10.36709337288936
31 2 14.601386481802425 13.128295966655681
31 3 18.977469670710573 17.13910501257034
31 4 21.23050259965338 19.810633085303657
31 5 24.653379549393414 23.253592174310207
31 6 25.693240901213173 23.587215393120616
31 7 26.819757365684577 25.016216463727424
31 8 28.899480069324092 27.12492588263753
31 9 29.72270363951473 28.158096792182292
31 10 30.155979202772965 28.81022052294499
32 1 12.521663778162912 10.881997272994692
32 2 17.374350086655113 16.496633882994168
32 3 20.493934142114384 19.17398476883307
32 4 23.960138648180244 22.332238929864165
32 5 26.819757365684577 25.24844308465014
32 6 28.249566724436743 26.695519991313297
32 7 28.986135181975737 27.816896814067686
32 8 29.246100519930675 27.87221109943168
32 9 31.06585788561525 29.94956887083213
32 10 31.23916811091854 30.017424605503283
33 1 13.084922010398614 11.041644120828908
33 2 18.41421143847487 16.884851851322935
33 3 20.667244367417677 19.414046296206667
33 4 23.1369150779896 21.70176785713317
33 5 23.960138648180244 22.766133450651846
33 6 25.606585788561524 24.494098434356513
33 7 27.4263431542461 26.31810078310598
33 8 28.422876949740033 27.195069575965096
33 9 29.72270363951473 28.657000036792407
33 10 29.506065857885616 28.256415626574764
34 1 12.348353552859619 10.4461670156705
34 2 16.984402079722706 15.734550069862665
34 3 21.447140381282495 19.893427639292998
34 4 23.180242634315423 22.051210606124656
34 5 26.429809358752166 25.355829037496157
34 6 26.213171577123052 24.875863550085366
34 7 27.599653379549395 26.16989509435999
34 8 27.642980935875215 26.068218546379974
34 9 28.942807625649912 28.100580940771845
34 10 29.72270363951473 28.643435272455193
35 1 13.084922010398614 11.503193484653245
35 2 18.587521663778166 17.306141284509327
35 3 21.53379549393414 19.815699893348352
35 4 23.700173310225303 22.364840278509742
35 5 24.87001733102253 23.418637302986678
35 6 26.689774696707108 25.41022724288966
35 7 27.209705372616984 25.800109886335303
35 8 29.54939341421144 28.123479022326027
35 9 29.98266897746967 28.653326753110868
35 10 30.502599653379548 29.135424692097832
36 1 12.261698440207972 10.607989921227418
36 2 16.507798960138647 15.394946694256411
36 3 20.363951473136915 19.09446817994675
36 4 23.83015597920277 22.385680420704787
36 5 24.653379549393414 23.73367967012566
36 6 25.866551126516462 24.963048965734316
36 7 26.256499133448873 25.1057136971609
36 8 27.55632582322357 26.555703851636082
36 9 29.159445407279026 28.421698823307935
36 10 30.155979202772965 29.187671551449025
37 1 14.861351819757365 13.397626886924465
37 2 17.157712305025996 15.310451745020403
37 3 22.183708838821488 20.276788585023322
37 4 24.436741767764296 22.193972720539392
37 5 25.736568457538993 23.676950442370355
37 6 26.646447140381284 25.34038635432538
37 7 27.902946273830153 26.8547158389326
37 8 28.856152512998268 27.919980041979255
37 9 29.07279029462738 28.446736256463222
37 10 30.76256499133449 30.096081468148878
38 1 12.175043327556326 10.505876774466628
38 2 16.377816291161178 14.923231407321488
38 3 20.320623916811094 19.309633346871735
38 4 22.616984402079723 21.675166748003896
38 5 23.656845753899482 22.32658982720581
38 6 25.476603119584055 23.750935648729
38 7 27.253032928942805 25.015150122818635
38 8 27.55632582322357 25.857839015027583
38 9 28.336221837088388 27.049404523678213
38 10 28.769497400346623 27.425015451085997
39 1 11.69844020797227 10.23537937910601
39 2 16.854419410745233 15.374190368214613
39 3 20.45060658578856 18.211876212024936
39 4 23.526863084922013 22.03690767680581
39 5 24.220103986135182 22.793809894404813
39 6 26.429809358752166 25.04973587683084
39 7 27.079722703639515 25.93315475024723
39 8 28.466204506065857 27.28026783618718
39 9 29.159445407279026 27.86831735702824
39 10 29.8526863084922 28.64426955855346
40 1 12.348353552859619 10.987941949351889
40 2 15.467937608318891 14.128894333653266
40 3 21.187175043327557 20.089653977827794
40 4 23.613518197573658 22.91442427605774
40 5 24.74003466204506 23.66734832643273
40 6 25.216637781629114 24.994835223257823
40 7 26.949740034662046 26.162962273029176
40 8 28.119584055459274 27.481432880676156
40 9 29.59272097053726 28.559534105509744
40 10 30.71923743500867 29.54208823713693
41 1 12.435008665511265 11.513384593290052
41 2 16.941074523396882 15.143901014665639
41 3 20.84055459272097 18.947629104250485
41 4 23.09358752166378 21.001124987101115
41 5 24.826689774696707 23.19923357736674
41 6 26.559792027729635 24.935748992221015
41 7 27.03639514731369 25.54155533277817
41 8 28.336221837088388 26.678017299521173
41 9 30.11265164644714 28.323680331100114
41 10 31.369150779896017 29.780666087947445
42 1 11.611785095320624 9.790592859752685
42 2 18.067590987868286 16.382800301509317
42 3 20.667244367417677 18.892481315831212
42 4 21.837088388214905 20.203731278535905
42 5 24.263431542461007 23.06426993774778
42 6 26.386481802426342 25.28606683781522
42 7 27.469670710571926 26.177004173910863
42 8 28.769497400346623 27.78395379748501
42 9 29.20277296360485 28.138085266778845
42 10 30.37261698440208 29.370022985388676
43 1 12.694974003466205 10.936705547534876
43 2 17.07105719237435 15.58417548176412
43 3 20.363951473136915 19.534311467479576
43 4 23.353552859618716 22.2540382861756
43 5 24.696707105719238 23.552752268658708
43 6 26.689774696707108 25.368615688936202
43 7 27.989601386481805 27.20582132338261
43 8 29.02946273830156 27.679587611365484
43 9 30.155979202772965 29.18576911972383
43 10 31.499133448873483 30.55475433055482
44 1 12.738301559792028 10.747325854079332
44 2 16.984402079722706 15.569902900219548
44 3 20.84055459272097 19.85653600205608
44 4 22.616984402079723 21.471059197639846
44 5 24.610051993067593 24.047079505797285
44 6 25.866551126516462 25.324347850251332
44 7 27.68630849220104 27.078373008148855
44 8 28.379549393414212 27.730448872388337
44 9 28.552859618717502 27.89746057637278
44 10 30.11265164644714 29.617190423468443
45 1 12.218370883882148 10.88219291466693
45 2 17.504332755632582 16.304301581896134
45 3 21.53379549393414 20.087423450863866
45 4 22.616984402079723 21.733638518602426
45 5 25.38994800693241 24.55643913365039
45 6 27.209705372616984 26.232864884370073
45 7 27.946273830155977 26.96083909282511
45 8 29.332755632582323 28.53688197994188
45 9 29.98266897746967 28.909749913930572
45 10 30.502599653379548 29.41063425095607
46 1 12.045060658578857 10.302712745683253
46 2 15.381282495667245 13.485545515494483
46 3 19.280762564991335 17.83618691083423
46 4 22.140381282495667 20.92102528867097
46 5 24.956672443674176 24.220553844717944
46 6 26.256499133448873 25.62988627206267
46 7 26.386481802426342 25.70558628706971
46 8 27.599653379549395 26.740697188292973
46 9 28.552859618717502 27.68423522664599
46 10 30.19930675909879 28.883722037476105
47 1 13.084922010398614 11.45086933646245
47 2 16.724436741767764 15.166859838488476
47 3 20.320623916811094 18.69203215694401
47 4 23.526863084922013 21.787997764349427
47 5 24.74003466204506 23.084352377907067
47 6 26.473136915077987 25.285730278264364
47 7 28.942807625649912 27.23962413574183
47 8 28.986135181975737 27.410759396857355
47 9 29.376083188908147 28.13885939530288
47 10 31.195840554592717 29.42344871000956
48 1 12.175043327556326 10.952103075240965
48 2 17.980935875216637 16.425890691700516
48 3 20.537261698440208 18.513098310384876
48 4 23.873483535528596 21.98237765926828
48 5 25.866551126516462 23.8895470128085
48 6 28.292894280762564 26.66731161828779
48 7 28.639514731369154 26.89470606476265
48 8 29.159445407279026 27.84191854055654
48 9 29.20277296360485 27.96608487251393
48 10 29.54939341421144 27.749547398604534
49 1 12.435008665511265 10.727169356831912
49 2 17.634315424610055 15.873439419931284
49 3 20.92720970537262 19.946427821566367
49 4 22.400346620450605 21.39449729683316
49 5 25.476603119584055 24.506327253902484
49 6 26.90641247833622 25.53506666612943
49 7 28.769497400346623 27.463322115077887
49 8 29.54939341421144 28.077424474091494
49 9 30.19930675909879 29.005213029526388
49 10 32.01906412478336 30.60210510737134
50 1 11.525129982668977 9.9392755609945
50 2 17.937608318890817 16.40443657069721
50 3 20.363951473136915 18.638804286942918
50 4 22.140381282495667 20.992577577824164
50 5 23.483535528596185 22.56986745118605
50 6 26.993067590987867 26.182977575763548
50 7 28.899480069324092 28.305195547962743
50 8 29.636048526863085 28.878906614469845
50 9 29.93934142114385 29.03828579315676
50 10 30.89254766031196 29.928034701467233
51 1 11.95840554592721 10.44511081098396
51 2 17.547660311958406 15.69455399081083
51 3 21.013864818024263 19.919455174199758
51 4 22.833622183708837 21.242240308195594
51 5 25.606585788561524 24.911714121113448
51 6 27.123050259965336 26.46545095751592
51 7 27.729636048526864 26.573579724711383
51 8 28.292894280762564 27.187455774536563
51 9 29.809358752166375 29.036673168344407
51 10 30.415944540727903 29.540418553282215
52 1 12.131715771230503 10.252947546905688
52 2 17.374350086655113 15.796480786003267
52 3 21.317157712305026 19.3263919312801
52 4 22.703639514731368 20.38239511493188
52 5 25.866551126516462 23.768370969084124
52 6 27.38301559792028 25.711649411830813
52 7 28.942807625649912 27.33462745485442
52 8 28.856152512998268 27.207381672430227
52 9 29.332755632582323 27.870490082571
52 10 29.93934142114385 28.169437921479236
53 1 12.305025996533796 10.531931234851236
53 2 17.89428076256499 16.158003013170365
53 3 21.100519930675908 19.82389038284503
53 4 22.96360485268631 21.962490831362587
53 5 25.0 23.24705181030436
53 6 27.123050259965336 25.45885230255201
53 7 28.422876949740033 26.780833892441265
53 8 28.20623916811092 26.50181675251831
53 9 29.332755632582323 27.874789840524723
53 10 29.98266897746967 28.572825838975014
54 1 10.35528596187175 8.965523295192197
54 2 17.417677642980937 16.077990110499137
54 3 20.363951473136915 19.411396809705884
54 4 22.400346620450605 21.330524202353953
54 5 23.440207972270365 22.533151010835788
54 6 26.03986135181976 25.019477843378922
54 7 26.689774696707108 25.677526885577684
54 8 27.209705372616984 26.335451447146436
54 9 28.812824956672443 27.604969671107483
54 10 29.376083188908147 28.57140522615281
55 1 10.74523396880416 9.352524205145166
55 2 16.11785095320624 15.324787670203307
55 3 20.19064124783362 19.208567016650925
55 4 22.0103986135182 21.067526864520524
55 5 24.826689774696707 23.53288696079986
55 6 25.779896013864818 24.504680557387516
55 7 26.733102253032932 25.83118664800135
55 8 28.119584055459274 27.084745132270733
55 9 29.54939341421144 28.50158787160601
55 10 30.11265164644714 28.836256600146022
56 1 11.525129982668977 9.796050942904
56 2 18.587521663778166 17.08774659091297
56 3 20.797227036395146 19.496729625209575
56 4 22.357019064124785 21.18644089663141
56 5 24.393414211438476 23.28743123735961
56 6 25.34662045060659 23.853992167331313
56 7 26.8630849220104 25.45832380966402
56 8 28.336221837088388 26.59586561989841
56 9 28.552859618717502 27.034983036594113
56 10 29.72270363951473 28.31417877651581
57 1 12.564991334488735 10.338285161967693
57 2 17.24436741767764 15.402096525188618
57 3 20.01733102253033 18.50805283474733
57 4 22.833622183708837 21.11553879162861
57 5 23.743500866551127 22.827128553757422
57 6 25.99653379549394 25.453917506591523
57 7 27.902946273830153 26.838099375906715
57 8 28.292894280762564 26.77995258952369
57 9 28.812824956672443 26.9792863385095
57 10 30.37261698440208 28.60052630191644
58 1 12.175043327556326 10.783763929763907
58 2 17.980935875216637 16.692611906583807
58 3 20.667244367417677 19.389432387757253
58 4 23.656845753899482 22.220218928955774
58 5 25.563258232235704 24.319416573224792
58 6 27.599653379549395 26.478869063171175
58 7 28.856152512998268 27.333147057420575
58 8 29.8526863084922 27.890825891711057
58 9 30.675909878682845 29.024925388767407
58 10 31.152512998266896 29.349516493831324
59 1 12.175043327556326 10.666852884935436
59 2 17.027729636048527 14.944525564553091
59 3 21.88041594454073 20.26859045167639
59 4 23.786828422876948 22.238424959473868
59 5 24.306759098786827 22.874940718765558
59 6 26.16984402079723 24.51495026930577
59 7 27.512998266897746 26.02999129999819
59 8 28.20623916811092 26.385224022671423
59 9 28.942807625649912 27.398152484938205
59 10 30.025996533795496 28.818694400520116
60 1 12.478336221837088 10.544545370646823
60 2 17.07105719237435 15.324072921582982
60 3 20.19064124783362 18.724192367019384
60 4 22.96360485268631 21.172136639273447
60 5 23.526863084922013 21.575653107567007
60 6 27.16637781629116 25.092841777606427
60 7 28.509532062391678 27.02869525106265
60 8 30.285961871750434 28.83647156909315
60 9 31.06585788561525 29.534294917657245
60 10 32.06239168110919 30.74395275625822
61 1 12.131715771230503 10.454693866769816
61 2 17.287694974003468 16.49112869261381
61 3 20.40727902946274 18.95398475724511
61 4 22.0103986135182 20.623692396923747
61 5 24.87001733102253 23.6772451782048
61 6 27.03639514731369 25.507399254809116
61 7 27.079722703639515 25.93825421805348
61 8 28.552859618717502 27.484348230564166
61 9 29.41941074523397 28.18835813421559
61 10 29.896013864818023 28.859231410770487
62 1 12.868284228769497 11.565748019719981
62 2 17.807625649913344 16.126932841435305
62 3 21.057192374350088 19.820255850819944
62 4 23.786828422876948 22.291779560812
62 5 25.38994800693241 24.404167994558197
62 6 26.949740034662046 26.255087104045423
62 7 28.596187175043326 27.65915811094261
62 8 28.856152512998268 28.03946133970239
62 9 29.116117850953206 28.107544546010228
62 10 30.19930675909879 29.25436622639317
63 1 11.785095320623917 10.614932974828333
63 2 17.677642980935875 15.996421762406806
63 3 20.01733102253033 18.59692822374813
63 4 22.790294627383016 21.43213033693761
63 5 24.696707105719238 23.242567180430186
63 6 26.689774696707108 24.844427483266127
63 7 29.07279029462738 27.22899579509678
63 8 29.462738301559792 27.41758617872315
63 9 30.19930675909879 28.44546138434434
63 10 30.849220103986134 29.141562626481125
64 1 11.0051993067591 9.644902886280008
64 2 18.067590987868286 16.24453629290904
64 3 21.403812824956674 19.742844153172253
64 4 23.526863084922013 22.535725051406185
64 5 24.393414211438476 23.72261901654848
64 6 26.299826689774697 24.751349357034268
64 7 28.07625649913345 26.67428184257494
64 8 28.856152512998268 27.329648657417966
64 9 29.20277296360485 27.925650244919474
64 10 29.289428076256502 27.604654299455817
65 1 12.001733102253032 11.025364507925554
65 2 16.724436741767764 15.45777011412145
65 3 20.92720970537262 19.509570177153787
65 4 24.003466204506065 22.867827053309135
65 5 26.03986135181976 25.0854128822374
65 6 27.946273830155977 26.814974586918826
65 7 28.422876949740033 26.810440350072867
65 8 28.7261698440208 27.007151121471217
65 9 31.369150779896017 30.00096379153101
65 10 31.672443674176776 30.12591202679179
66 1 12.608318890814557 11.301157348594634
66 2 18.110918544194107 16.084337118253757
66 3 21.36048526863085 19.640632855985185
66 4 23.700173310225303 22.310955621542703
66 5 24.56672443674177 23.484343888127942
66 6 26.256499133448873 25.241927244576978
66 7 27.16637781629116 25.975463396190346
66 8 28.162911611785095 26.70606286983376
66 9 29.20277296360485 27.481835047533494
66 10 30.415944540727903 28.850463195456292
67 1 12.954939341421143 11.931490109707966
67 2 17.980935875216637 16.305898487724917
67 3 22.05372616984402 20.442557572163317
67 4 23.743500866551127 22.260619040783393
67 5 25.433275563258235 24.59344478721907
67 6 26.559792027729635 25.842301304958077
67 7 27.946273830155977 27.04533508382141
67 8 28.292894280762564 27.221370747666583
67 9 29.72270363951473 28.98439292954112
67 10 30.89254766031196 30.113828360747192
68 1 12.435008665511265 10.779229740374848
68 2 17.807625649913344 16.451463507166768
68 3 23.223570190641247 21.760939284243136
68 4 25.0 24.039549627930487
68 5 26.689774696707108 25.410665773634978
68 6 27.469670710571926 26.316134197274867
68 7 28.509532062391678 26.97235828291537
68 8 29.72270363951473 28.692606511634587
68 9 29.93934142114385 28.278799736840636
68 10 30.89254766031196 29.370702656801
69 1 11.871750433275563 10.060540886845015
69 2 16.76776429809359 15.211246472945076
69 3 19.80069324090121 18.65426907510521
69 4 22.530329289428074 21.217955095713798
69 5 23.786828422876948 22.307116827578426
69 6 26.90641247833622 25.602650908244897
69 7 27.68630849220104 25.90332959535968
69 8 29.07279029462738 27.03465130171673
69 9 29.679376083188906 27.68723331030519
69 10 30.54592720970537 28.71240388492825
70 1 11.481802426343155 10.112390083274107
70 2 16.76776429809359 15.313741647773977
70 3 19.10745233968804 17.995498655864978
70 4 22.270363951473136 21.271843032490075
70 5 23.873483535528596 22.756864857541558
70 6 25.82322357019064 24.95356487037865
70 7 26.949740034662046 26.45620129908024
70 8 28.119584055459274 27.229339199555554
70 9 29.8526863084922 28.883023739019947
70 10 29.93934142114385 29.105514751059978
71 1 11.69844020797227 9.471493922467253
71 2 16.81109185441941 14.739569513574136
71 3 21.143847487001732 19.057864936732415
71 4 23.39688041594454 21.711642989194026
71 5 25.736568457538993 24.372304825159894
71 6 27.29636048526863 25.73806970378219
71 7 28.552859618717502 27.209901089119832
71 8 28.942807625649912 27.141558945093745
71 9 29.289428076256502 27.32431282807406
71 10 29.896013864818023 27.87302600815848
72 1 11.611785095320624 10.238938495167712
72 2 17.677642980935875 16.450127047193504
72 3 20.363951473136915 19.432726357501558
72 4 23.09358752166378 22.66577967115284
72 5 24.436741767764296 23.664682457937687
72 6 27.079722703639515 26.5910967635396
72 7 28.03292894280763 26.932069924519446
72 8 28.639514731369154 27.7511715271052
72 9 29.159445407279026 28.100317586385337
72 10 29.72270363951473 28.94358063468543
73 1 13.561525129982668 11.717525821268602
73 2 16.334488734835357 14.14246343493057
73 3 21.100519930675908 19.704284343582046
73 4 22.616984402079723 20.95766807082476
73 5 25.0 23.594983125016768
73 6 26.126516464471404 24.34528213717715
73 7 28.379549393414212 26.691984442050792
73 8 28.986135181975737 27.280228181000123
73 9 30.329289428076255 28.629166031896553
73 10 29.809358752166375 28.276925026937132
74 1 12.045060658578857 10.86587295797044
74 2 16.464471403812826 15.701860328383443
74 3 20.797227036395146 19.78453080786312
74 4 23.526863084922013 22.317960769962724
74 5 25.563258232235704 24.365847421020575
74 6 27.03639514731369 25.95064733123198
74 7 28.379549393414212 26.96266046214597
74 8 28.986135181975737 27.473216844837502
74 9 29.376083188908147 27.811129089833887
74 10 30.19930675909879 28.545489202984676
75 1 10.961871750433277 9.633747259931337
75 2 18.41421143847487 16.85203578718797
75 3 22.703639514731368 21.04695102220286
75 4 24.610051993067593 22.96922845329732
75 5 27.642980935875215 26.43282952676201
75 6 26.776429809358753 25.83767597933425
75 7 28.20623916811092 27.27380828307554
75 8 29.41941074523397 28.762629978856868
75 9 29.636048526863085 28.631950251892913
75 10 30.37261698440208 29.602725484819377
76 1 13.561525129982668 11.73354839448628
76 2 17.24436741767764 15.505156885829557
76 3 20.97053726169844 19.183196081658437
76 4 24.48006932409012 22.94589350255807
76 5 25.693240901213173 24.174637984805745
76 6 27.079722703639515 25.92639277168231
76 7 27.946273830155977 26.87307297944771
76 8 28.336221837088388 27.592133657734536
76 9 30.415944540727903 29.475854956884262
76 10 30.935875216637783 29.98920424958986
77 1 12.564991334488735 10.85509492412039
77 2 15.727902946273831 13.932713640399044
77 3 20.92720970537262 19.955945707932024
77 4 23.180242634315423 21.900462860236807
77 5 24.956672443674176 23.86189677468832
77 6 26.03986135181976 25.296422591753
77 7 27.079722703639515 26.322335243792587
77 8 28.639514731369154 27.985585497971577
77 9 29.246100519930675 28.5185284079927
77 10 29.679376083188906 29.209827941025328
78 1 11.741767764298093 10.095476181924
78 2 16.55112651646447 14.53768417846478
78 3 20.45060658578856 19.180465528900466
78 4 23.526863084922013 22.56966105257638
78 5 25.82322357019064 24.39093643217936
78 6 27.209705372616984 25.49941515947317
78 7 29.636048526863085 28.149593626990793
78 8 30.589254766031193 29.037970252304746
78 9 31.932409012131718 30.19483543051284
78 10 32.32235701906412 30.827683322842393
79 1 11.828422876949741 10.021661050527326
79 2 15.121317157712305 14.109643969942889
79 3 20.147313691507797 18.66169777134106
79 4 22.573656845753902 21.3989104018357
79 5 25.216637781629114 23.91725628161893
79 6 25.433275563258235 24.762104986230803
79 7 27.079722703639515 26.135940490697728
79 8 27.38301559792028 26.039081988274067
79 9 29.20277296360485 28.07666103540269
79 10 29.72270363951473 28.273396599191592
80 1 12.391681109185441 10.92855369679437
80 2 16.984402079722706 15.70442732315386
80 3 19.75736568457539 17.996719363193204
80 4 22.920277296360485 21.664109828259207
80 5 24.523396880415945 23.079937660330465
80 6 25.216637781629114 24.211490278002913
80 7 26.949740034662046 26.35325168346727
80 8 27.29636048526863 26.590851695214134
80 9 28.07625649913345 27.63495579503851
80 10 28.552859618717502 28.185906111860433
81 1 12.99826689774697 12.255891714330097
81 2 17.980935875216637 16.44194108886886
81 3 22.660311958405547 21.094741732587686
81 4 24.176776429809358 22.906723624286382
81 5 24.913344887348355 23.744378562931384
81 6 26.083188908145583 24.999069998230844
81 7 25.693240901213173 24.65452797026396
81 8 26.733102253032932 25.98171912160015
81 9 28.769497400346623 27.80329547456313
81 10 29.896013864818023 28.91785942518449
82 1 12.131715771230503 10.446425771965558
82 2 17.76429809358752 16.347563599687366
82 3 21.88041594454073 20.346417676394505
82 4 22.487001733102254 20.8803172069957
82 5 24.87001733102253 22.99091072420605
82 6 26.256499133448873 24.654573959590685
82 7 26.949740034662046 25.451701340089162
82 8 28.379549393414212 26.89172147370397
82 9 29.116117850953206 28.218722021123476
82 10 29.766031195840554 28.57745355060427
83 1 11.091854419410744 9.533518121037021
83 2 17.76429809358752 16.452791317686493
83 3 20.40727902946274 19.491917128268827
83 4 22.746967071057192 21.184864722048406
83 5 26.213171577123052 24.450315423040536
83 6 27.079722703639515 25.226610785791216
83 7 27.38301559792028 25.903736747516714
83 8 28.249566724436743 26.8482401406202
83 9 28.639514731369154 26.668748356542082
83 10 29.159445407279026 27.64421732606396
84 1 13.214904679376083 11.378661498999897
84 2 16.724436741767764 14.519213385620052
84 3 20.060658578856152 18.925180442051204
84 4 23.310225303292896 22.247134079319174
84 5 24.783362218370883 24.147857019688686
84 6 25.606585788561524 25.15416041619238
84 7 26.646447140381284 25.773087355172557
84 8 27.989601386481805 26.95533367979105
84 9 28.249566724436743 27.250024812931763
84 10 28.812824956672443 28.189455156359617
85 1 11.308492201039861 10.256149850113575
85 2 17.547660311958406 16.01310787526238
85 3 21.057192374350088 19.66680847752071
85 4 23.613518197573658 21.955988028423548
85 5 25.17331022530329 23.57697339713632
85 6 25.563258232235704 24.3019963111502
85 7 26.083188908145583 24.53461166892101
85 8 26.993067590987867 25.954070214551127
85 9 28.07625649913345 26.758417863445334
85 10 29.20277296360485 28.09916375936814
86 1 12.435008665511265 11.120299340259663
86 2 18.284228769497403 17.108310176472656
86 3 21.663778162911612 20.268054372561615
86 4 22.96360485268631 21.730927221651477
86 5 26.256499133448873 24.97031433055738
86 6 27.772963604852684 26.276817017619926
86 7 28.292894280762564 27.33249030091138
86 8 28.769497400346623 27.803777719866346
86 9 29.41941074523397 28.444499668788502
86 10 29.766031195840554 28.704594473557915
87 1 10.528596187175044 8.90195224613616
87 2 16.55112651646447 15.339926262049513
87 3 19.49740034662045 18.121653345098515
87 4 21.923743500866554 20.649996231567904
87 5 22.920277296360485 21.09534722591873
87 6 25.82322357019064 24.119055378810373
87 7 27.81629116117851 26.51122217217817
87 8 29.20277296360485 27.344143533920928
87 9 29.376083188908147 27.81555345982525
87 10 30.89254766031196 29.331061512875202
88 1 13.084922010398614 11.59470013265863
88 2 18.110918544194107 17.534473368119038
88 3 22.31369150779896 20.89106828806161
88 4 23.656845753899482 22.55573950614788
88 5 24.523396880415945 23.359928474813362
88 6 26.083188908145583 24.6758012829606
88 7 27.902946273830153 26.518103110037423
88 8 28.552859618717502 27.161002658369643
88 9 28.986135181975737 27.53823062850659
88 10 29.54939341421144 28.35817818763151
89 1 13.604852686308492 11.390700940521555
89 2 19.150779896013866 16.65611222906532
89 3 20.753899480069325 19.692734575240824
89 4 24.090121317157713 22.190155403073227
89 5 25.259965337954938 23.30365253378922
89 6 27.079722703639515 25.48678946422432
89 7 28.596187175043326 26.823553901569756
89 8 28.856152512998268 27.15453647418917
89 9 30.06932409012132 28.346962847751943
89 10 31.369150779896017 29.962423372380197
90 1 10.701906412478337 9.754014415044168
90 2 15.771230502599654 14.200702722734276
90 3 17.980935875216637 16.177593631636128
90 4 20.797227036395146 19.40116847881837
90 5 23.613518197573658 21.96430380668698
90 6 26.03986135181976 24.502564813360955
90 7 28.639514731369154 26.951602606807505
90 8 28.942807625649912 27.344375457692223
90 9 28.7261698440208 27.03149125972459
90 10 29.809358752166375 28.27443323608387
91 1 12.694974003466205 11.298441011035518
91 2 18.457538994800693 17.142255445914707
91 3 22.31369150779896 21.097743016575823
91 4 24.653379549393414 23.37809918225214
91 5 27.209705372616984 25.64172006188215
91 6 28.379549393414212 27.163632556412722
91 7 28.856152512998268 27.804949150227902
91 8 30.415944540727903 29.514484712113326
91 9 30.935875216637783 29.871127729324513
91 10 30.76256499133449 29.893808593649844
92 1 11.915077989601386 10.011258942097363
92 2 17.937608318890817 16.629736661584218
92 3 21.403812824956674 19.56572124511725
92 4 23.1369150779896 22.12360493839048
92 5 24.74003466204506 24.247607328891277
92 6 25.12998266897747 24.705933607072772
92 7 26.386481802426342 26.150145401355967
92 8 26.733102253032932 25.72914973617725
92 9 28.119584055459274 27.20607891951791
92 10 30.025996533795496 29.504418352109145
93 1 13.734835355285963 11.771850240399615
93 2 17.937608318890817 16.457064553913206
93 3 21.23050259965338 19.472661472852252
93 4 22.660311958405547 21.170418334758704
93 5 25.216637781629114 23.344973085531905
93 6 26.776429809358753 25.205387841043077
93 7 27.339688041594457 25.86627217782737
93 8 28.552859618717502 27.202220591207148
93 9 29.246100519930675 27.698103715819073
93 10 30.11265164644714 28.94331696339167
94 1 11.69844020797227 9.544410332162592
94 2 16.724436741767764 14.891700446088327
94 3 19.80069324090121 17.802138884777012
94 4 23.1369150779896 21.134333950801338
94 5 25.953206239168107 23.788713632521947
94 6 26.559792027729635 24.5594766596827
94 7 27.4263431542461 25.80779723958387
94 8 29.636048526863085 28.101703830316193
94 9 30.415944540727903 29.17107979566961
94 10 31.109185441941072 29.84701875819724
95 1 12.478336221837088 10.796173744474025
95 2 17.114384748700175 16.03553076497828
95 3 20.40727902946274 19.033969557936523
95 4 22.530329289428074 21.112222792490424
95 5 24.523396880415945 23.589684351049343
95 6 26.083188908145583 24.286168557795772
95 7 26.51646447140381 24.626192483922964
95 8 27.16637781629116 25.489872351494036
95 9 30.329289428076255 28.619863060972627
95 10 29.896013864818023 28.48262268484092
96 1 11.135181975736568 9.880498383903145
96 2 17.33102253032929 15.848749437908435
96 3 21.53379549393414 19.901118073922362
96 4 23.960138648180244 22.264942747599417
96 5 25.34662045060659 24.451235636174957
96 6 26.51646447140381 26.04034787239698
96 7 27.4263431542461 26.279609227296135
96 8 28.292894280762564 27.35213536863914
96 9 29.332755632582323 28.436909534369125
96 10 30.329289428076255 29.331004209552415
97 1 12.65164644714038 11.038369169772944
97 2 17.461005199306758 15.568792960796443
97 3 18.8474870017331 18.001439651083892
97 4 23.26689774696707 22.237972654512433
97 5 23.786828422876948 23.048604599283202
97 6 25.433275563258235 24.36788928692367
97 7 26.733102253032932 25.481393812380293
97 8 27.512998266897746 26.250373106386576
97 9 28.596187175043326 27.41676370332987
97 10 29.506065857885616 28.438023777143684
98 1 12.131715771230503 10.522924622506906
98 2 16.941074523396882 15.538405032947614
98 3 20.40727902946274 18.861509931192927
98 4 24.003466204506065 22.892724673502556
98 5 26.083188908145583 25.155182279782696
98 6 27.946273830155977 26.702860359196755
98 7 29.766031195840554 28.344945294346584
98 8 30.025996533795496 28.44825433263678
98 9 30.19930675909879 28.440015451197358
98 10 31.06585788561525 29.712829129157132
99 1 12.175043327556326 11.068914590008692
99 2 17.807625649913344 16.31649529942824
99 3 20.363951473136915 19.168454429094055
99 4 22.400346620450605 21.731616079395874
99 5 24.436741767764296 23.329449637436113
99 6 26.213171577123052 25.19484564773058
99 7 27.68630849220104 26.417256960737106
99 8 29.07279029462738 27.16890279653777
99 9 29.766031195840554 27.936997288907346
99 10 31.195840554592717 29.463765724355074
