0 1 2 3
0 1 21.23050259965338 19.792325072841514
0 2 30.19930675909879 29.23954796569317
0 3 37.001733102253034 36.299013938820444
0 4 42.98093587521664 42.6698774999621
0 5 44.80069324090121 43.50961771175314
0 6 47.183708838821495 46.17444990027234
0 7 50.34662045060658 49.734788818545155
0 8 51.386481802426346 50.468713065594606
0 9 52.25303292894281 51.501378635269866
0 10 53.24956672443674 52.69168465493844
1 1 20.060658578856152 17.285635472443882
1 2 34.1421143847487 32.67590415798588
1 3 38.43154246100519 37.63378277909921
1 4 40.294627383015595 39.26296508544081
1 5 44.280762564991335 43.80920550413664
1 6 46.75043327556326 46.36791318902466
1 7 48.396880415944544 48.11792050730377
1 8 50.34662045060658 49.95429845756543
1 9 51.64644714038128 51.64559234332615
1 10 52.85961871750433 53.08130627950378
2 1 19.88734835355286 17.649107894364604
2 2 32.10571923743501 30.988658249029367
2 3 37.43500866551127 36.13623491388907
2 4 42.89428076256499 41.80463003194718
2 5 45.79722703639515 44.680718738989825
2 6 47.487001733102254 46.96549343106637
2 7 48.440207972270365 48.295327696449796
2 8 49.566724436741765 49.269098501897254
2 9 51.99306759098788 51.50359115624419
2 10 51.99306759098788 51.79519395745664
3 1 21.620450606585788 19.164486852785636
3 2 30.415944540727903 28.734227414476017
3 3 36.69844020797227 35.97791318918935
3 4 42.85095320623917 42.354710188329406
3 5 45.97053726169844 46.1450543097083
3 6 47.400346620450605 47.523070797053336
3 7 48.83015597920277 48.6629142203257
3 8 49.26343154246101 48.935233625652444
3 9 50.08665511265165 49.59534055344549
3 10 51.81975736568457 51.356343847518694
4 1 22.616984402079723 20.458219939040724
4 2 29.98266897746967 27.607602960870555
4 3 37.998266897746966 36.04785710440901
4 4 40.94454072790295 38.870515342988256
4 5 44.45407279029463 43.51794013112913
4 6 46.66377816291161 46.00782793940103
4 7 49.436741767764296 49.058352920436114
4 8 50.5632582322357 50.217043992483426
4 9 51.47313691507799 51.2687166227083
4 10 52.33968804159446 52.14233909722532
5 1 20.97053726169844 18.918916305894285
5 2 29.93934142114385 27.90156004657986
5 3 37.8682842287695 37.270347987773974
5 4 41.63778162911612 41.29188941160131
5 5 43.93414211438475 43.22209075486238
5 6 45.537261698440204 45.341278090588574
5 7 47.313691507798964 46.9570991125328
5 8 49.82668977469671 49.421798078503215
5 9 50.736568457539 50.51717067728247
5 10 52.556325823223574 52.45817951875009
6 1 21.750433275563257 19.14519688970129
6 2 30.979202772963603 29.922733098230054
6 3 37.954939341421145 36.059902243638106
6 4 40.90121317157712 39.93347028475284
6 5 44.80069324090121 44.00643968973347
6 6 46.8370883882149 46.65172121751389
6 7 48.396880415944544 48.014454284603275
6 8 49.91334488734835 49.896301812775604
6 9 50.17331022530329 50.46350911704894
6 10 51.12651646447141 51.44673632391766
7 1 23.570190641247834 22.018712593101764
7 2 32.92894280762565 30.370418536093137
7 3 38.86481802426343 37.18331935151495
7 4 42.287694974003465 41.48822085715345
7 5 46.66377816291161 46.055734481601675
7 6 48.87348353552859 48.301200522566525
7 7 50.25996533795494 49.83382068462765
7 8 51.429809358752166 51.114187677796906
7 9 52.469670710571926 52.548420295847706
7 10 52.90294627383015 53.022126077369805
8 1 23.050259965337954 20.603650963560373
8 2 32.01906412478336 29.765527597525544
8 3 37.60831889081456 36.19084565631736
8 4 40.94454072790295 39.9055224018559
8 5 45.66724436741767 44.88570756662351
8 6 47.09705372616985 46.55783474872423
8 7 48.74350086655112 48.09364683987814
8 8 51.08318890814558 50.639828008658824
8 9 52.9896013864818 52.73329466639707
8 10 53.29289428076257 53.03162102394926
9 1 22.530329289428074 20.86020892689868
9 2 30.24263431542461 28.430281590223753
9 3 37.34835355285962 36.12863214797652
9 4 42.80762564991335 41.52753975238446
9 5 47.61698440207972 47.28313420172603
9 6 49.436741767764296 48.785664456791125
9 7 50.95320623916811 50.334981841029084
9 8 52.0363951473137 51.68381965538852
9 9 52.772963604852684 52.36499725451913
9 10 53.552859618717505 53.45725430487471
10 1 22.746967071057192 20.836024870679942
10 2 31.455805892547662 30.185959836619976
10 3 37.47833622183709 36.23682149098393
10 4 41.50779896013865 40.56303686183888
10 5 44.71403812824957 43.637187271583755
10 6 46.66377816291161 45.87254200569783
10 7 50.34662045060658 49.772526193967444
10 8 50.30329289428076 49.949334148490664
10 9 52.946273830155974 52.92061125017698
10 10 53.466204506065864 53.17150237143359
11 1 24.04679376083189 21.866145239320055
11 2 32.49566724436742 30.201090133912945
11 3 39.21143847487002 37.94179525726413
11 4 41.117850953206236 40.14808124987745
11 5 44.75736568457539 44.51048060259616
11 6 47.66031195840554 47.09504455343485
11 7 48.353552859618716 48.22630365433083
11 8 50.649913344887345 50.4829534287022
11 9 52.816291161178505 52.890811684976214
11 10 52.642980935875215 52.578297676643224
12 1 23.483535528596185 21.763999500083813
12 2 32.40901213171577 30.92973601716264
12 3 37.39168110918544 36.132574260347035
12 4 41.72443674176776 41.00970225632496
12 5 43.370883882149045 43.00635534249305
12 6 46.62045060658579 46.245003828621904
12 7 48.00693240901213 48.23735037113848
12 8 50.38994800693241 50.039004170810884
12 9 51.776429809358746 51.443485861199015
12 10 53.639514731369154 53.76018897974924
13 1 23.526863084922013 21.379669554451663
13 2 29.462738301559792 27.412035287932873
13 3 36.43847487001733 35.2928853289098
13 4 40.33795493934142 40.19796693340524
13 5 44.54072790294627 45.06147954352846
13 6 47.66031195840554 47.7695781133141
13 7 50.08665511265165 50.11462938159259
13 8 50.43327556325823 50.313668496267184
13 9 52.07972270363952 52.12035667547826
13 10 53.29289428076257 53.58611560759928
14 1 23.440207972270365 22.22531929136627
14 2 32.19237435008665 30.91675361400863
14 3 38.30155979202773 37.28218565347089
14 4 43.06759098786828 41.95162274923911
14 5 46.317157712305026 45.31543967531419
14 6 47.443674176776426 46.61452913554123
14 7 48.65684575389948 47.858303319829574
14 8 51.429809358752166 50.74863664443184
14 9 52.772963604852684 52.6401671556156
14 10 53.336221837088395 53.27027514673951
15 1 21.317157712305026 19.41936621057299
15 2 31.932409012131718 30.609267559489773
15 3 37.56499133448873 36.58844527954828
15 4 41.984402079722706 40.91653813956769
15 5 45.190641247833625 44.631117759883246
15 6 47.79029462738302 47.17892984956088
15 7 50.38994800693241 50.590805232138926
15 8 50.12998266897747 50.29927862448286
15 9 51.776429809358746 51.34069568062159
15 10 53.7261698440208 53.70622759551522
16 1 20.45060658578856 18.371950220498682
16 2 30.805892547660314 29.44116352504121
16 3 37.21837088388215 35.970344281707014
16 4 41.334488734835354 40.41968755088302
16 5 45.277296360485266 44.83197454233172
16 6 46.75043327556326 46.67927376306625
16 7 49.523396880415945 49.9101947287253
16 8 50.99653379549394 51.063189030742826
16 9 51.64644714038128 51.947379236640465
16 10 52.642980935875215 52.8886435719119
17 1 21.577123050259967 19.14198974718664
17 2 29.59272097053726 27.93312253682943
17 3 35.39861351819758 34.17822836854191
17 4 39.86135181975737 38.74018107676818
17 5 43.197573656845755 42.28758594639888
17 6 45.233968804159446 44.93093890952073
17 7 48.1369150779896 47.9913589433516
17 8 49.95667244367418 49.719993269669146
17 9 50.43327556325823 50.428689645340796
17 10 51.386481802426346 51.40388406184368
18 1 22.400346620450605 20.14120062395672
18 2 30.06932409012132 28.124622274244672
18 3 36.741767764298096 35.74161435837911
18 4 41.50779896013865 40.52952984214443
18 5 44.84402079722704 43.728903814460026
18 6 47.530329289428074 46.969525009139396
18 7 48.26689774696707 47.756852373166495
18 8 48.91681109185442 48.23405615197211
18 9 51.21317157712305 50.74577571273713
18 10 52.599653379549395 52.205584703525865
19 1 22.0103986135182 19.74110429587485
19 2 31.932409012131718 29.886541171803454
19 3 37.60831889081456 36.28026945619878
19 4 42.85095320623917 41.86219854981936
19 5 43.71750433275563 42.76459633809009
19 6 46.49046793760832 45.88123341639127
19 7 47.443674176776426 47.20249488626595
19 8 48.65684575389948 48.40881622237782
19 9 50.21663778162912 50.287555500501526
19 10 50.82322357019065 50.95900875610266
20 1 21.49046793760832 18.812586088542144
20 2 32.32235701906412 30.433972652675635
20 3 38.30155979202773 36.770124497889014
20 4 41.63778162911612 41.11428348455233
20 5 44.410745233968804 44.351316887984204
20 6 46.577123050259964 46.25876948657139
20 7 48.74350086655112 48.41620385768823
20 8 49.523396880415945 49.161516576564836
20 9 51.429809358752166 51.12046134292847
20 10 51.64644714038128 51.267688887745464
21 1 22.097053726169843 19.25941946890895
21 2 30.76256499133449 29.19881162199129
21 3 38.30155979202773 37.403758112915185
21 4 43.02426343154246 42.306139616670706
21 5 46.317157712305026 45.82270719047754
21 6 48.7001733102253 48.53950748082408
21 7 50.0 49.83751490467297
21 8 51.16984402079723 50.969828673837725
21 9 52.33968804159446 52.45421541750495
21 10 53.336221837088395 53.5475636607729
22 1 20.493934142114384 18.623145905375893
22 2 32.2790294627383 30.21458061406711
22 3 37.73830155979203 36.39886642152097
22 4 41.03119584055459 40.145015733964826
22 5 43.71750433275563 43.537728987973274
22 6 45.493934142114384 45.11559568909141
22 7 47.443674176776426 46.86182833896669
22 8 50.25996533795494 49.55729921727014
22 9 50.99653379549394 50.523962388367536
22 10 52.296360485268636 52.04617479072316
23 1 24.090121317157713 21.542476390207636
23 2 32.755632582322356 30.93201223525161
23 3 38.084922010398614 36.35598196429302
23 4 40.81455805892548 39.73974501327155
23 5 44.10745233968804 43.37625132643021
23 6 47.053726169844026 46.185073190767596
23 7 48.78682842287695 48.355572207801
23 8 50.5632582322357 50.146022193940546
23 9 51.863084922010394 51.728162378307495
23 10 53.336221837088395 53.40985965964943
24 1 21.707105719237436 18.655381889664454
24 2 30.54592720970537 28.73360599059757
24 3 36.17850953206239 34.33294467865102
24 4 40.251299826689774 39.08457483698501
24 5 43.977469670710576 42.67968708054413
24 6 46.403812824956674 45.28481251073156
24 7 48.613518197573654 47.55676698996192
24 8 49.82668977469671 48.93009745079131
24 9 51.603119584055456 50.801694354518325
24 10 51.64644714038128 50.93695974902792
25 1 21.663778162911612 20.242739454554012
25 2 31.109185441941072 28.81056109519853
25 3 36.61178509532063 35.45959074569084
25 4 40.51126516464472 39.24676953943229
25 5 44.93067590987868 44.38510708071513
25 6 47.573656845753895 47.065373376959684
25 7 49.523396880415945 49.106272421707246
25 8 50.82322357019065 50.68647910038908
25 9 51.99306759098788 51.94510844725259
25 10 52.556325823223574 52.537753403648146
26 1 22.876949740034664 21.27210474256124
26 2 31.932409012131718 30.038110635837622
26 3 39.124783362218366 38.36312988826628
26 4 42.67764298093588 42.151343337796526
26 5 44.324090121317155 43.99745601807287
26 6 46.92374350086655 46.47228186717636
26 7 48.396880415944544 47.69764878495377
26 8 49.393414211438476 49.1526489451478
26 9 50.69324090121318 50.044839839215236
26 10 51.12651646447141 50.76608301572176
27 1 23.26689774696707 21.572743898102953
27 2 33.44887348353553 31.796961455645555
27 3 37.6949740034662 36.744608493417736
27 4 42.63431542461005 42.21587216690469
27 5 44.97400346620451 44.6035537984216
27 6 47.61698440207972 47.60033992942218
27 7 48.613518197573654 48.80035750770182
27 8 50.17331022530329 50.914742480986675
27 9 51.08318890814558 51.521907937703816
27 10 52.07972270363952 52.4190798995898
28 1 23.570190641247834 21.691283866517292
28 2 33.31889081455806 31.831800840122504
28 3 38.908145580589256 38.89799203762942
28 4 40.98786828422877 40.75580831505764
28 5 43.154246100519934 42.48182095894033
28 6 46.317157712305026 45.82235641200727
28 7 48.18024263431543 48.046351082221875
28 8 49.393414211438476 49.32150606394083
28 9 51.47313691507799 51.56992445367958
28 10 52.426343154246105 52.485756089802706
29 1 22.31369150779896 19.833473724647348
29 2 32.668977469670715 31.292962790131508
29 3 36.22183708838821 35.152153663236554
29 4 40.51126516464472 40.15194521175584
29 5 43.45753899480069 43.17269504606406
29 6 46.96707105719237 46.931829949483074
29 7 46.92374350086655 46.73835983237456
29 8 49.04679376083189 48.81342809872338
29 9 49.13344887348354 48.96616063612753
29 10 50.04332755632582 49.718062928538174
30 1 23.786828422876948 21.668609378291727
30 2 31.455805892547662 29.33381702766993
30 3 37.26169844020797 35.81551461380438
30 4 40.51126516464472 39.01221255435929
30 5 43.2842287694974 42.23944770802896
30 6 46.317157712305026 45.16763221339116
30 7 48.48353552859619 47.81576510451107
30 8 48.570190641247834 48.0763913454462
30 9 50.736568457539 50.59469720572073
30 10 51.863084922010394 52.06473468891332
31 1 22.31369150779896 19.940431512472472
31 2 28.336221837088388 27.112075140046795
31 3 36.04852686308492 34.59232912861911
31 4 39.948006932409015 39.299075114673016
31 5 43.370883882149045 42.88354497264373
31 6 46.49046793760832 46.022478516439826
31 7 49.26343154246101 49.30178297604554
31 8 51.2998266897747 51.51924306283927
31 9 52.33968804159446 52.28713472230551
31 10 52.772963604852684 52.418817537206806
32 1 21.057192374350088 19.537644243697137
32 2 30.935875216637783 29.040454223845654
32 3 37.3050259965338 36.184193791740825
32 4 42.63431542461005 41.54998461110455
32 5 44.67071057192374 43.65939738953786
32 6 47.70363951473137 46.62831139124396
32 7 49.69670710571924 49.01232653492214
32 8 51.429809358752166 51.16708356751667
32 9 53.11958405545927 52.91900359911653
32 10 53.682842287694974 53.42906795469414
33 1 22.400346620450605 19.866900852455466
33 2 33.53552859618718 32.102293351919656
33 3 38.64818024263432 37.582553342747644
33 4 41.76776429809358 40.75765134823442
33 5 45.320623916811094 45.14106851903543
33 6 47.530329289428074 47.338113298446174
33 7 48.74350086655112 49.15804323098756
33 8 49.82668977469671 50.150652928772075
33 9 51.64644714038128 51.84212436644929
33 10 52.33968804159446 52.45035702881601
34 1 22.270363951473136 20.328097925644247
34 2 31.845753899480066 30.599603182715306
34 3 38.82149046793761 38.45583470199351
34 4 42.244367417677644 41.6225272701197
34 5 46.05719237435009 45.191850020318405
34 6 47.14038128249567 46.33393623941559
34 7 49.13344887348354 48.26621735919176
34 8 49.82668977469671 49.06977592460502
34 9 50.60658578856152 50.36248178384379
34 10 51.603119584055456 51.24413298621619
35 1 21.620450606585788 19.08051847850281
35 2 30.979202772963603 28.638628664187397
35 3 37.47833622183709 35.53684506129461
35 4 41.68110918544194 40.14269890612621
35 5 45.147313691507804 43.81704416598238
35 6 47.70363951473137 46.92381486933219
35 7 50.38994800693241 49.74054419890696
35 8 51.21317157712305 50.359363453931024
35 9 53.16291161178509 52.506923163394816
35 10 53.98613518197573 53.575560691562984
36 1 23.050259965337954 21.33911269633488
36 2 31.499133448873483 30.78383114854629
36 3 37.34835355285962 36.39452862170545
36 4 41.55112651646447 40.33209452313662
36 5 44.5840554592721 44.10828393604018
36 6 47.487001733102254 47.55431827429561
36 7 48.7001733102253 48.57484211197705
36 8 50.12998266897747 50.21186702221922
36 9 50.12998266897747 50.338750750485005
36 10 51.733102253032925 51.587324645937386
37 1 24.263431542461007 22.186274778249093
37 2 31.325823223570193 29.478421113735298
37 3 38.77816291161179 37.37224869396134
37 4 43.84748700173311 42.7459746068544
37 5 47.270363951473136 46.444369946103414
37 6 48.83015597920277 48.6246566286418
37 7 49.91334488734835 49.479312754925104
37 8 52.07972270363952 51.533414061015556
37 9 52.816291161178505 52.541949901873075
37 10 54.63604852686309 54.45031637452513
38 1 22.920277296360485 21.443974395840225
38 2 31.325823223570193 29.17334532101646
38 3 37.34835355285962 36.169847365617336
38 4 41.72443674176776 40.48401676344794
38 5 44.280762564991335 43.74123250199084
38 6 47.443674176776426 46.75693173841551
38 7 48.96013864818024 48.584154283212364
38 8 51.16984402079723 51.3364724974119
38 9 51.64644714038128 51.97950553543036
38 10 52.296360485268636 52.6438200128034
39 1 21.447140381282495 19.059725710785752
39 2 29.896013864818023 28.608308627209432
39 3 36.65511265164645 35.32703528626479
39 4 40.77123050259965 40.16925271077798
39 5 44.80069324090121 44.26844968221163
39 6 47.400346620450605 47.038107076738385
39 7 49.566724436741765 49.380934077265394
39 8 50.519930675909876 50.366581497576334
39 9 51.603119584055456 51.125725879888975
39 10 51.733102253032925 51.2790905632609
40 1 21.750433275563257 19.165055038315526
40 2 31.542461005199307 29.909741763559772
40 3 38.21490467937608 37.12663422095772
40 4 41.50779896013865 41.178463444153365
40 5 46.53379549393414 45.83069053313922
40 6 48.05025996533796 47.79038962306771
40 7 50.25996533795494 49.877849700997146
40 8 52.556325823223574 52.87113503286069
40 9 52.816291161178505 53.022152607807584
40 10 53.81282495667244 53.86062466076298
41 1 22.140381282495667 19.3996090020487
41 2 30.459272097053724 28.346944149515434
41 3 36.26516464471404 34.61716733486036
41 4 40.46793760831889 38.99457909455852
41 5 45.407279029462735 44.40148998389829
41 6 47.92027729636049 47.238995608827196
41 7 49.566724436741765 48.67832882670933
41 8 51.21317157712305 50.77730006137099
41 9 52.599653379549395 52.11208565653105
41 10 54.37608318890814 54.00246414282047
42 1 21.750433275563257 19.71235516612154
42 2 32.45233968804159 31.051073594790772
42 3 36.95840554592721 35.87535494414038
42 4 41.85441941074524 41.10870234689085
42 5 45.92720970537262 45.82271382418426
42 6 47.400346620450605 47.1530328135657
42 7 50.04332755632582 50.11692035033419
42 8 51.21317157712305 51.10137047730581
42 9 52.642980935875215 52.53409434201943
42 10 52.946273830155974 52.99589742018301
43 1 23.570190641247834 21.494879010777098
43 2 31.58578856152513 29.76312511119016
43 3 37.3050259965338 36.11781789606864
43 4 42.50433275563258 41.33438729756689
43 5 44.367417677642976 43.71033678311972
43 6 47.487001733102254 46.7442054996689
43 7 48.1369150779896 47.47729246563095
43 8 50.43327556325823 50.051280200127266
43 9 51.94974003466204 51.507225979454105
43 10 52.85961871750433 52.7105783341412
44 1 22.616984402079723 20.37524798447479
44 2 31.845753899480066 30.315552949405994
44 3 38.21490467937608 38.159677357565194
44 4 40.94454072790295 41.26957843084643
44 5 44.75736568457539 45.39069488143347
44 6 46.01386481802427 46.19826560162403
44 7 46.88041594454073 46.64673962509348
44 8 48.83015597920277 48.74442113247876
44 9 51.08318890814558 51.24317050111633
44 10 52.33968804159446 52.2435048825098
45 1 22.746967071057192 21.040422152727324
45 2 31.932409012131718 30.028959119235203
45 3 37.52166377816291 36.85630437888597
45 4 40.72790294627383 40.094977781351915
45 5 45.147313691507804 44.59965087808379
45 6 48.09358752166378 47.70897486225583
45 7 50.08665511265165 49.966740852228796
45 8 51.603119584055456 51.45922788121814
45 9 52.38301559792028 52.335867318557796
45 10 54.15944540727903 54.34998414033762
46 1 22.616984402079723 20.814198464371945
46 2 30.285961871750434 28.625767892358294
46 3 37.998266897746966 36.51686003814987
46 4 41.46447140381282 40.185216113131055
46 5 43.45753899480069 42.69885181987287
46 6 46.49046793760832 45.76016517361122
46 7 48.05025996533796 47.266862864764256
46 8 49.220103986135186 48.396442549133624
46 9 50.95320623916811 50.281872767593526
46 10 51.94974003466204 51.461264718038954
47 1 22.400346620450605 20.474820411907018
47 2 30.76256499133449 29.523478140114072
47 3 38.34488734835355 37.37166584792388
47 4 41.63778162911612 40.415272235247215
47 5 44.45407279029463 43.218158119779304
47 6 46.2738301559792 45.33912476858621
47 7 48.65684575389948 47.83991145662563
47 8 49.95667244367418 49.50532303353199
47 9 51.34315424610052 50.7362663149265
47 10 52.38301559792028 51.79689254116144
48 1 23.483535528596185 21.205893326622277
48 2 31.06585788561525 29.31496856960283
48 3 38.34488734835355 36.89761556008156
48 4 43.71750433275563 42.73447110244169
48 5 46.8370883882149 46.05884777988843
48 6 48.440207972270365 47.91619241116384
48 7 48.65684575389948 48.31866527997633
48 8 49.82668977469671 49.59667199084235
48 9 50.82322357019065 50.8597943884878
48 10 51.386481802426346 51.24562824960521
49 1 23.09358752166378 20.836845756495983
49 2 32.32235701906412 30.472858173724347
49 3 38.908145580589256 37.26027302297908
49 4 42.76429809358752 41.54964523267077
49 5 46.18717504332756 45.57739594015239
49 6 47.61698440207972 46.676886065286794
49 7 49.566724436741765 48.47182990436744
49 8 51.429809358752166 50.62679609086901
49 9 52.729636048526864 52.37866103213386
49 10 53.94280762564991 53.885662950723066
50 1 22.05372616984402 19.47373784555034
50 2 30.675909878682845 29.209805494006158
50 3 38.17157712305026 36.82057825740105
50 4 40.68457538994801 39.73198496618869
50 5 43.2842287694974 42.66416782620537
50 6 46.447140381282495 46.03478376267943
50 7 48.78682842287695 48.42218425946672
50 8 50.99653379549394 50.4390597315554
50 9 51.16984402079723 50.77491152662175
50 10 52.556325823223574 52.162797263230956
51 1 22.44367417677643 20.382375079535926
51 2 32.53899480069324 30.480416177349678
51 3 37.911611785095324 36.76328213462228
51 4 42.157712305025996 40.7728135075008
51 5 45.320623916811094 44.26637223664639
51 6 48.00693240901213 47.15194769412699
51 7 49.87001733102253 48.589641151435806
51 8 50.5632582322357 49.625883373366634
51 9 52.296360485268636 51.657445885514505
51 10 52.946273830155974 52.54667250692887
52 1 22.703639514731368 19.621597870798286
52 2 31.672443674176776 29.40356933240857
52 3 38.30155979202773 36.783046860429934
52 4 43.02426343154246 41.76423015482634
52 5 47.270363951473136 46.3539262611097
52 6 48.52686308492201 47.97931840940889
52 7 50.5632582322357 50.06545197038932
52 8 52.12305025996534 51.638599539719465
52 9 53.639514731369154 53.18174880671312
52 10 53.59618717504333 53.232193421777794
53 1 22.833622183708837 20.335248205210068
53 2 32.2790294627383 30.413282763649484
53 3 39.168110918544194 38.60366595752678
53 4 42.201039861351816 41.7414036123363
53 5 46.01386481802427 45.90817078299697
53 6 48.22357019064125 48.06628365007792
53 7 48.74350086655112 48.65982481561167
53 8 50.25996533795494 49.54913393636943
53 9 52.0363951473137 51.5495077523349
53 10 52.556325823223574 52.69007277174249
54 1 20.40727902946274 18.568393156631874
54 2 29.766031195840554 27.628163463719886
54 3 36.3951473136915 35.602193548731435
54 4 40.90121317157712 40.01327497992093
54 5 44.324090121317155 43.25543773110752
54 6 47.053726169844026 46.35740038760539
54 7 48.78682842287695 48.064872269339816
54 8 50.25996533795494 49.58969612803304
54 9 51.64644714038128 51.068100100871774
54 10 52.12305025996534 51.499296835628286
55 1 20.97053726169844 19.20925330986827
55 2 30.89254766031196 29.94138419022842
55 3 36.65511265164645 35.99262830099521
55 4 41.89774696707106 40.776752574199364
55 5 44.71403812824957 43.69505063997604
55 6 47.443674176776426 46.74342387287183
55 7 49.26343154246101 48.52603800706262
55 8 51.08318890814558 50.89968536531906
55 9 52.556325823223574 52.65042028152328
55 10 53.639514731369154 54.09462810761514
56 1 19.020797227036397 16.77969763008308
56 2 32.10571923743501 29.457951778022906
56 3 36.22183708838821 35.09038375290015
56 4 41.29116117850953 40.65885506021646
56 5 44.0207972270364 43.196134580405754
56 6 46.447140381282495 45.78987271569457
56 7 49.13344887348354 48.61119586848015
56 8 50.736568457539 50.61464473871244
56 9 51.94974003466204 51.79863508689172
56 10 52.642980935875215 51.97539078511531
57 1 22.96360485268631 20.56438479210601
57 2 30.37261698440208 28.272315671603625
57 3 35.26863084922011 33.53246120619171
57 4 40.46793760831889 39.59709296681194
57 5 42.59098786828423 41.96777334768292
57 6 46.10051993067591 45.68005941614875
57 7 48.613518197573654 48.28730800154538
57 8 49.610051993067586 49.137261874235016
57 9 51.51646447140381 51.195191784236314
57 10 52.729636048526864 52.58722442321322
58 1 24.263431542461007 22.351717779022092
58 2 32.40901213171577 30.175250538166548
58 3 36.82842287694974 35.27199428017474
58 4 41.24783362218371 40.289125088469326
58 5 43.80415944540728 43.73071400754789
58 6 47.96360485268631 47.68540743508114
58 7 49.00346620450606 48.92371864553981
58 8 51.603119584055456 51.332728881764076
58 9 52.16637781629117 51.96897426478386
58 10 51.863084922010394 51.48219977519084
59 1 22.876949740034664 20.887911530633588
59 2 32.92894280762565 31.27315400353612
59 3 37.6949740034662 36.26123757630648
59 4 41.074523396880416 40.55807685482321
59 5 43.45753899480069 42.82339094281405
59 6 46.49046793760832 45.59461370694018
59 7 49.87001733102253 49.44845913378825
59 8 50.47660311958405 50.203406352485494
59 9 50.17331022530329 50.022774118373604
59 10 51.99306759098788 51.927183183570754
60 1 23.09358752166378 20.41855596983069
60 2 31.499133448873483 29.227451388870477
60 3 38.04159445407279 36.73776854143065
60 4 41.03119584055459 39.91446239777892
60 5 45.277296360485266 44.406793774750895
60 6 47.573656845753895 46.962467179925184
60 7 50.30329289428076 50.312517584284045
60 8 50.95320623916811 50.91555039302139
60 9 51.689774696707104 51.57968082877584
60 10 53.379549393414216 53.020120241207195
61 1 23.050259965337954 20.387727992751188
61 2 32.45233968804159 31.783238537171282
61 3 38.64818024263432 37.1194218560949
61 4 42.93760831889081 42.11100709438481
61 5 46.2738301559792 45.154042374502026
61 6 47.83362218370884 47.05280607245037
61 7 48.48353552859619 47.99022301660632
61 8 49.350086655112655 48.73607817623048
61 9 51.34315424610052 51.08866264725355
61 10 53.20623916811091 53.28833616187249
62 1 22.530329289428074 21.31800869084749
62 2 30.589254766031193 29.193127679893426
62 3 36.56845753899481 36.13095120918301
62 4 40.98786828422877 40.59636163698117
62 5 45.66724436741767 45.21536899462064
62 6 48.91681109185442 48.19263207211962
62 7 49.69670710571924 48.94717100526532
62 8 51.08318890814558 50.3616193281783
62 9 51.386481802426346 51.12281511991481
62 10 52.816291161178505 52.41927721916154
63 1 23.09358752166378 20.998416312945896
63 2 31.412478336221838 29.446649658234662
63 3 37.78162911611785 37.21070615819929
63 4 41.984402079722706 41.41836573961524
63 5 45.66724436741767 44.97419138890422
63 6 48.78682842287695 48.47950733245359
63 7 49.91334488734835 49.289099532620156
63 8 51.03986135181976 50.57876039711163
63 9 52.599653379549395 52.20549850752161
63 10 53.16291161178509 52.72387448565522
64 1 21.187175043327557 18.77326656504744
64 2 32.53899480069324 31.218576860147902
64 3 37.954939341421145 36.80733226956855
64 4 41.68110918544194 41.28573187897846
64 5 45.407279029462735 45.498038130047384
64 6 47.87694974003466 47.24842143710586
64 7 48.05025996533796 47.45546894987363
64 8 49.09012131715772 48.70543673394423
64 9 50.90987868284229 50.872401763402564
64 10 52.12305025996534 52.02321942715024
65 1 22.703639514731368 20.40024772684894
65 2 31.715771230502597 30.20384986998699
65 3 39.081455805892546 37.787941387109925
65 4 43.11091854419411 42.71317306654161
65 5 45.320623916811094 44.95081630241933
65 6 47.400346620450605 46.95638937748621
65 7 50.04332755632582 49.8467119746299
65 8 52.33968804159446 52.228412027387314
65 9 53.20623916811091 53.13297358620688
65 10 53.379549393414216 53.41943282106747
66 1 22.227036395147316 19.555717332590064
66 2 30.459272097053724 28.66507774295066
66 3 37.34835355285962 36.311449237200335
66 4 40.38128249566724 39.43744825026158
66 5 43.67417677642981 43.11861493275153
66 6 46.143847487001736 45.78229677546646
66 7 48.440207972270365 48.628522828131125
66 8 50.0 50.053109517280916
66 9 51.776429809358746 51.767687583099466
66 10 53.379549393414216 53.501388156112114
67 1 23.656845753899482 21.07999717503295
67 2 30.502599653379548 28.252493863267674
67 3 37.6949740034662 37.038924573037036
67 4 40.20797227036395 40.03665262402622
67 5 44.150779896013866 44.24987144878415
67 6 47.14038128249567 47.23310995547162
67 7 48.48353552859619 49.039656491477984
67 8 50.736568457539 51.05952319926779
67 9 51.429809358752166 51.41764151159184
67 10 52.772963604852684 52.86188749974801
68 1 23.223570190641247 21.514551644282584
68 2 32.32235701906412 30.55748173119268
68 3 39.038128249566725 37.87776504159811
68 4 43.154246100519934 42.74438442039569
68 5 44.88734835355286 45.12399412068535
68 6 49.09012131715772 48.92162326551926
68 7 51.21317157712305 51.37632280001729
68 8 53.11958405545927 53.392899661048254
68 9 54.33275563258232 54.587376264619735
68 10 54.63604852686309 54.7062274047172
69 1 21.013864818024263 18.871372995115657
69 2 29.41941074523397 28.32764805716465
69 3 35.918544194107454 34.95938200286403
69 4 40.33795493934142 39.74586345983781
69 5 43.54419410745234 43.55676315444381
69 6 46.143847487001736 45.72829811404763
69 7 48.570190641247834 48.44935618496804
69 8 49.91334488734835 49.790607528489915
69 9 51.689774696707104 51.404907284208775
69 10 52.426343154246105 52.44402091883295
70 1 21.057192374350088 19.063191131534897
70 2 30.19930675909879 27.943144329207207
70 3 35.39861351819758 33.65608481869073
70 4 41.421143847487 40.8415143802696
70 5 43.977469670710576 43.69004279025423
70 6 47.530329289428074 47.06850814687171
70 7 48.78682842287695 48.63161777474911
70 8 50.90987868284229 51.02966298688174
70 9 51.559792027729635 51.76668781885239
70 10 51.99306759098788 52.20514351339421
71 1 21.663778162911612 18.61967717797591
71 2 32.45233968804159 30.68104242606059
71 3 38.30155979202773 36.70716605583371
71 4 41.03119584055459 39.59152552511448
71 5 44.23743500866551 42.8034351081256
71 6 47.053726169844026 46.18616173526962
71 7 49.393414211438476 48.15697125445753
71 8 50.43327556325823 49.36176508173938
71 9 51.906412478336215 51.27602957396197
71 10 52.469670710571926 51.973397688616515
72 1 22.530329289428074 20.736464553104415
72 2 32.712305025996535 31.501794696684854
72 3 36.43847487001733 35.959076367011306
72 4 40.38128249566724 40.17899840174663
72 5 44.150779896013866 43.99484196286129
72 6 49.393414211438476 49.62090802243257
72 7 51.34315424610052 51.422859268333696
72 8 51.16984402079723 51.384855947985166
72 9 53.24956672443674 53.47048143378017
72 10 53.20623916811091 53.36496656088718
73 1 22.703639514731368 20.004889730770135
73 2 31.022530329289427 28.705287422870928
73 3 37.6949740034662 36.088306726131776
73 4 41.29116117850953 39.806306626136575
73 5 44.49740034662045 43.35153017254605
73 6 46.2738301559792 45.16131127918084
73 7 47.74696707105719 46.6935431828042
73 8 48.65684575389948 47.96064162562904
73 9 50.60658578856152 50.045923746264855
73 10 51.386481802426346 51.14284194976744
74 1 23.526863084922013 21.022462999331132
74 2 30.979202772963603 29.163115333284413
74 3 37.21837088388215 35.8607717308753
74 4 41.811091854419416 40.667141696809104
74 5 45.190641247833625 44.65780435382396
74 6 47.183708838821495 46.74160896857275
74 7 50.34662045060658 50.17667947499776
74 8 51.34315424610052 50.986230473543415
74 9 52.512998266897746 52.17298133172874
74 10 53.20623916811091 52.92549327173383
75 1 21.057192374350088 18.52362056605559
75 2 31.369150779896017 29.336150694765383
75 3 39.38474870017331 38.252177505548104
75 4 42.67764298093588 41.62649041974855
75 5 44.97400346620451 43.86999038160247
75 6 47.400346620450605 46.993408059710774
75 7 48.396880415944544 48.13919277351013
75 8 50.60658578856152 50.72968968792675
75 9 50.90987868284229 51.31643662437336
75 10 51.51646447140381 51.8991674010142
76 1 23.310225303292896 21.19536349974205
76 2 32.53899480069324 30.491725661206832
76 3 38.47487001733102 37.65292281691728
76 4 42.54766031195841 41.897708049042265
76 5 44.80069324090121 44.18855441001416
76 6 46.23050259965338 45.75414746768202
76 7 49.04679376083189 48.664700883745795
76 8 51.47313691507799 50.9283706967621
76 9 52.599653379549395 52.28527288949767
76 10 53.24956672443674 53.11415188106518
77 1 22.140381282495667 19.427765469427506
77 2 32.45233968804159 30.215950371310328
77 3 38.908145580589256 38.007745317499996
77 4 42.85095320623917 42.206241702201645
77 5 46.2738301559792 45.771173968221255
77 6 49.220103986135186 48.73714744740431
77 7 50.43327556325823 49.89843890328678
77 8 50.736568457539 50.25882982549441
77 9 51.99306759098788 51.49151371167336
77 10 53.639514731369154 53.62515449490455
78 1 21.36048526863085 18.70600075604701
78 2 30.89254766031196 28.839391323312736
78 3 37.911611785095324 36.5391366497319
78 4 42.89428076256499 41.65448096633178
78 5 46.96707105719237 45.95586506988281
78 6 47.92027729636049 47.260327387210545
78 7 50.43327556325823 49.629728058366524
78 8 51.08318890814558 50.38228385623182
78 9 51.559792027729635 51.00938454144621
78 10 52.512998266897746 52.13003756266089
79 1 21.750433275563257 19.46028051659117
79 2 30.415944540727903 29.413024984296683
79 3 36.35181975736568 35.894918230827834
79 4 41.24783362218371 40.84282230431121
79 5 44.410745233968804 44.07018452785181
79 6 45.75389948006933 45.566521356374224
79 7 48.00693240901213 48.021587644992785
79 8 50.34662045060658 50.588129151301196
79 9 52.469670710571926 52.60116696894155
79 10 53.59618717504333 53.838138479399625
80 1 21.273830155979205 19.044770810059692
80 2 30.589254766031193 28.24382665843715
80 3 37.34835355285962 35.59490554966512
80 4 41.76776429809358 40.82507768888465
80 5 45.320623916811094 44.08628942632151
80 6 48.09358752166378 47.20139887485446
80 7 49.87001733102253 49.29005687389792
80 8 51.906412478336215 51.54488145362709
80 9 52.25303292894281 51.86499896655066
80 10 52.642980935875215 52.43198461752472
81 1 23.39688041594454 21.071290509672217
81 2 31.715771230502597 29.82389623986787
81 3 38.6048526863085 37.165379008453314
81 4 41.63778162911612 40.69868974137958
81 5 44.194107452339686 43.46820871090908
81 6 46.92374350086655 46.562660729155425
81 7 48.09358752166378 47.39219795991434
81 8 50.86655112651647 50.66255302300129
81 9 51.99306759098788 51.74402454592788
81 10 53.379549393414216 53.124538548166676
82 1 21.317157712305026 19.46511794809994
82 2 30.285961871750434 28.05723112939807
82 3 36.95840554592721 34.70343498805216
82 4 41.63778162911612 40.65511110299827
82 5 44.150779896013866 43.58367766293597
82 6 47.400346620450605 46.800953957123646
82 7 49.95667244367418 49.650336565442814
82 8 50.736568457539 50.554085036316565
82 9 51.689774696707104 51.62425428961277
82 10 52.816291161178505 52.55400715052409
83 1 21.707105719237436 19.51349412825098
83 2 32.798960138648184 31.606044546040845
83 3 38.34488734835355 37.064624221275494
83 4 41.24783362218371 40.25900917261572
83 5 45.147313691507804 43.96776034448136
83 6 47.66031195840554 46.61151299080586
83 7 48.74350086655112 47.78115244467561
83 8 50.60658578856152 49.95342052471027
83 9 52.20970537261699 51.81609019173569
83 10 52.816291161178505 52.38477348244817
84 1 22.357019064124785 19.800244684593515
84 2 30.89254766031196 28.827869643569727
84 3 37.1317157712305 36.494468164819295
84 4 41.85441941074524 41.41759764606697
84 5 42.98093587521664 42.41817774542052
84 6 46.577123050259964 46.34807756554656
84 7 47.96360485268631 47.72114067934175
84 8 49.350086655112655 49.034419998506436
84 9 50.90987868284229 50.794637604065244
84 10 52.07972270363952 52.04189186062008
85 1 22.0103986135182 19.922909183759035
85 2 30.155979202772965 28.913972031508262
85 3 37.82495667244367 36.96653248241085
85 4 42.287694974003465 41.302809011851004
85 5 44.84402079722704 43.95331675288707
85 6 47.487001733102254 47.123508236911505
85 7 48.7001733102253 48.44906389255431
85 8 50.43327556325823 50.09225577818269
85 9 51.21317157712305 50.83588348425921
85 10 52.816291161178505 52.649732770194866
86 1 22.746967071057192 20.948179151070775
86 2 31.975736568457542 29.4501382706653
86 3 37.998266897746966 37.18180510121357
86 4 42.114384748700175 41.54084677034822
86 5 44.324090121317155 43.83903310723491
86 6 47.400346620450605 46.573017339607226
86 7 49.26343154246101 48.461348924730146
86 8 50.82322357019065 50.37723799510188
86 9 51.863084922010394 51.434847451708166
86 10 53.639514731369154 53.39070312358817
87 1 20.320623916811094 17.745738219840295
87 2 30.285961871750434 28.618860312862537
87 3 35.65857885615251 34.83816171467032
87 4 39.60138648180242 39.10786264189407
87 5 43.500866551126514 43.37637084410592
87 6 46.88041594454073 46.78080841938662
87 7 49.13344887348354 48.85076279309082
87 8 50.82322357019065 50.3468206057732
87 9 52.33968804159446 52.17282625091349
87 10 52.512998266897746 52.60685835049574
88 1 22.660311958405547 21.487199007385822
88 2 32.885615251299825 32.106585521009954
88 3 39.168110918544194 38.84363796480626
88 4 42.244367417677644 41.71242924227539
88 5 43.84748700173311 43.1396193158455
88 6 46.577123050259964 46.05438679725893
88 7 47.61698440207972 47.477094316800176
88 8 50.25996533795494 50.13535419191597
88 9 50.38994800693241 50.402185028482215
88 10 51.34315424610052 51.563574440639584
89 1 23.006932409012133 20.504060617134012
89 2 31.28249566724437 29.967984500097373
89 3 37.43500866551127 36.93520355829449
89 4 43.54419410745234 42.70281723069333
89 5 46.360485268630846 45.37222449630713
89 6 48.440207972270365 47.980421059545364
89 7 49.436741767764296 48.73963370939602
89 8 50.69324090121318 49.87794510569731
89 9 52.07972270363952 51.59616931903553
89 10 52.946273830155974 52.72097157715086
90 1 20.363951473136915 18.85996644089855
90 2 30.329289428076255 28.52175504691435
90 3 34.575389948006936 33.405646782414195
90 4 39.60138648180242 38.46219827779247
90 5 43.197573656845755 41.853649313462384
90 6 45.7105719237435 44.786934688832694
90 7 48.18024263431543 47.0620191220722
90 8 50.60658578856152 49.8638501281822
90 9 52.772963604852684 52.346378773698056
90 10 52.599653379549395 52.03225011437933
91 1 23.613518197573658 21.825623502425
91 2 33.27556325823224 31.46454517191446
91 3 37.045060658578855 35.0306181005888
91 4 42.157712305025996 41.27794446605711
91 5 46.18717504332756 45.4978864831807
91 6 47.70363951473137 47.3850860463444
91 7 49.26343154246101 49.128924680763845
91 8 50.69324090121318 50.62618691164978
91 9 52.296360485268636 52.50404201231621
91 10 52.296360485268636 52.71614169187902
92 1 22.0103986135182 19.277907262471803
92 2 32.14904679376083 30.15475534084649
92 3 37.73830155979203 37.081796389200136
92 4 41.46447140381282 40.608602196504194
92 5 43.500866551126514 42.9880817013009
92 6 45.01733102253033 44.2982043779099
92 7 47.313691507798964 46.49232199865561
92 8 49.393414211438476 49.125018054879384
92 9 50.43327556325823 50.268364757548426
92 10 52.07972270363952 51.9996003448135
93 1 22.703639514731368 20.36839993289384
93 2 33.36221837088388 31.435986909937956
93 3 37.52166377816291 36.08909260367944
93 4 41.50779896013865 41.561845894561884
93 5 45.493934142114384 44.90303914089752
93 6 47.227036395147316 46.92562820213272
93 7 50.25996533795494 50.25328234083419
93 8 50.736568457539 50.88043755467416
93 9 52.816291161178505 53.00286198810538
93 10 53.379549393414216 53.59891791032656
94 1 21.403812824956674 18.793217055462282
94 2 30.502599653379548 28.33920872995983
94 3 37.47833622183709 36.22928129523612
94 4 42.02772963604853 40.85622595338202
94 5 44.280762564991335 42.71452721106863
94 6 46.62045060658579 45.828074889856495
94 7 48.52686308492201 47.871374832011256
94 8 50.30329289428076 49.26433016209377
94 9 51.906412478336215 51.33351834241425
94 10 52.296360485268636 51.663238832154754
95 1 22.097053726169843 19.70600576290468
95 2 32.92894280762565 31.677917575635888
95 3 39.991334488734836 39.18960910861746
95 4 42.85095320623917 42.283148533426484
95 5 44.71403812824957 44.60596872736818
95 6 46.10051993067591 45.91797624730423
95 7 47.61698440207972 47.1992642931749
95 8 49.91334488734835 49.55615806802208
95 9 50.5632582322357 50.12082297352006
95 10 51.08318890814558 50.70109143601174
96 1 20.363951473136915 18.812210935541096
96 2 31.195840554592717 30.288948216915983
96 3 38.64818024263432 37.717670896538934
96 4 42.37435008665511 41.53277652359387
96 5 45.75389948006933 45.035654757050246
96 6 46.53379549393414 46.10981378283357
96 7 48.353552859618716 48.029629080279754
96 8 49.566724436741765 49.488146714069956
96 9 51.863084922010394 51.491016414134606
96 10 52.9896013864818 52.92792263047672
97 1 21.967071057192374 19.546052863645546
97 2 31.28249566724437 29.261871232996416
97 3 37.3050259965338 36.47273944555978
97 4 42.50433275563258 41.36584067456649
97 5 45.79722703639515 45.040907544670695
97 6 48.00693240901213 47.35161889474835
97 7 50.38994800693241 49.72773581553267
97 8 51.863084922010394 51.34771736162514
97 9 52.12305025996534 51.632695945037085
97 10 53.81282495667244 53.6480881061828
98 1 22.05372616984402 20.39713120560277
98 2 29.72270363951473 28.016738634848327
98 3 36.95840554592721 35.459689118778
98 4 42.02772963604853 41.12295873801328
98 5 45.8838821490468 45.079665733935684
98 6 47.530329289428074 47.118538584408725
98 7 49.523396880415945 49.10344037571181
98 8 51.64644714038128 50.9992398786079
98 9 51.906412478336215 51.25115302349447
98 10 53.76949740034662 53.00938439606493
99 1 22.746967071057192 19.981177291276367
99 2 31.325823223570193 29.613931216615725
99 3 37.65164644714038 36.17597565453687
99 4 40.121317157712305 39.20259525972524
99 5 44.5840554592721 43.94023494600553
99 6 46.18717504332756 45.78834045239956
99 7 47.400346620450605 46.657338702770275
99 8 48.96013864818024 48.21376509657513
99 9 50.86655112651647 50.0352199294167
99 10 52.296360485268636 51.596782386238225
