0 1 2 3
0 1 22.140381282495667 20.948025092422753
0 2 31.022530329289427 29.88644154796799
0 3 38.04159445407279 37.59609150122661
0 4 44.54072790294627 43.852871147469315
0 5 47.487001733102254 46.362575187151805
0 6 49.393414211438476 48.584565747876624
0 7 51.733102253032925 51.32715207870733
0 8 53.639514731369154 52.823519100291264
0 9 54.2894280762565 53.6460743684393
0 10 54.54939341421144 53.98927662872385
1 1 21.143847487001732 18.66734855982206
1 2 35.26863084922011 34.07568506424065
1 3 39.38474870017331 38.456527747081985
1 4 41.89774696707106 40.84631561464222
1 5 45.92720970537262 45.62810864230693
1 6 48.353552859618716 48.298905725312366
1 7 49.48006932409012 49.47251287923514
1 8 50.86655112651647 50.89713379508785
1 9 52.469670710571926 52.714935870809754
1 10 53.682842287694974 53.74844004997551
2 1 21.750433275563257 19.882107148141845
2 2 34.1421143847487 33.272205447215384
2 3 38.908145580589256 38.09452127141855
2 4 44.280762564991335 43.72277491807161
2 5 47.227036395147316 46.4013677327565
2 6 48.353552859618716 47.90389426134561
2 7 49.610051993067586 49.608381386289025
2 8 51.21317157712305 51.03026111138092
2 9 53.422876949740036 53.312301566070595
2 10 53.509532062391685 53.67308174832635
3 1 22.703639514731368 20.308206673676633
3 2 31.932409012131718 30.880665537994535
3 3 38.86481802426343 38.36382660483713
3 4 43.63084922010398 43.25620118131809
3 5 46.96707105719237 47.57459260013062
3 6 49.00346620450606 49.31898882591816
3 7 50.77989601386482 50.70803533639151
3 8 50.82322357019065 50.88890761991024
3 9 51.81975736568457 51.726187210364685
3 10 53.11958405545927 53.23069185331193
4 1 23.873483535528596 21.582918987942957
4 2 32.53899480069324 30.241874088055376
4 3 39.47140381282496 37.66758768782931
4 4 42.76429809358752 40.892679894250634
4 5 46.01386481802427 44.95975829154623
4 6 49.00346620450606 48.53806308830514
4 7 50.95320623916811 50.81647317395953
4 8 52.33968804159446 52.07662560686727
4 9 53.29289428076257 53.112317641112796
4 10 54.37608318890814 54.05054858065088
5 1 21.187175043327557 19.321657886885937
5 2 32.36568457538995 30.82314256622022
5 3 38.86481802426343 38.16263763219331
5 4 43.11091854419411 42.96479933590443
5 5 46.317157712305026 45.84765384795912
5 6 47.74696707105719 47.687348105094486
5 7 49.393414211438476 49.09784001655201
5 8 51.863084922010394 51.787009939952725
5 9 53.639514731369154 53.86112419915179
5 10 55.589254766031196 55.56570048722035
6 1 23.26689774696707 20.293585962649125
6 2 32.19237435008665 31.509436451628194
6 3 39.86135181975737 38.85518153652171
6 4 43.06759098786828 42.37172015345958
6 5 45.84055459272097 44.87567273863527
6 6 47.79029462738302 47.5689236323418
6 7 48.7001733102253 48.57313992589855
6 8 50.5632582322357 50.613038157210724
6 9 51.16984402079723 51.27754465564739
6 10 52.9896013864818 53.3411117576656
7 1 25.17331022530329 23.77442487335839
7 2 33.62218370883882 31.088270030533522
7 3 39.90467937608319 38.54088224158371
7 4 43.80415944540728 43.00475063242326
7 5 47.227036395147316 46.54594854687956
7 6 49.04679376083189 48.38306944587799
7 7 51.94974003466204 51.53376115863048
7 8 53.379549393414216 53.21350517273014
7 9 54.24610051993067 54.081079528038934
7 10 55.32928942807626 55.226770094916056
8 1 22.746967071057192 20.628643160721893
8 2 32.798960138648184 30.718163013076826
8 3 37.34835355285962 36.366568782720286
8 4 42.244367417677644 41.52421904947495
8 5 46.143847487001736 45.79810401637255
8 6 48.00693240901213 47.64303118085954
8 7 50.12998266897747 49.562157581397216
8 8 52.556325823223574 52.27949833986867
8 9 53.336221837088395 53.23812542563928
8 10 54.59272097053726 54.50664698648845
9 1 22.573656845753902 20.822603048484865
9 2 31.325823223570193 29.77568724302884
9 3 39.25476603119584 38.52104431596951
9 4 44.194107452339686 43.567123817173396
9 5 48.78682842287695 48.84825575990986
9 6 51.386481802426346 51.22308204542914
9 7 52.85961871750433 52.45953283169712
9 8 53.94280762564991 53.47425133239591
9 9 54.76603119584056 54.63136953098381
9 10 56.10918544194108 56.13083196526405
10 1 23.223570190641247 21.17859268937132
10 2 33.14558058925476 31.88104772663129
10 3 40.20797227036395 39.347450481724195
10 4 43.2842287694974 42.486175217836035
10 5 45.97053726169844 45.257228373261206
10 6 47.443674176776426 47.13054663587475
10 7 51.386481802426346 51.1694202133283
10 8 52.0363951473137 52.249134395567346
10 9 53.856152512998264 53.740437418793874
10 10 55.45927209705373 55.6383297124689
11 1 24.783362218370883 22.872781764032688
11 2 33.14558058925476 31.300544241112384
11 3 40.33795493934142 39.34525465420962
11 4 42.244367417677644 41.6128568902398
11 5 45.8838821490468 45.51702715665097
11 6 48.26689774696707 47.854622553547614
11 7 50.47660311958405 50.33881332740066
11 8 52.296360485268636 52.14688363939353
11 9 53.94280762564991 54.125574485082694
11 10 54.2894280762565 54.344170991391884
12 1 23.570190641247834 22.158664398913906
12 2 33.40554592720971 32.85111856890644
12 3 39.124783362218366 38.16592900164892
12 4 43.197573656845755 42.37588466899955
12 5 45.147313691507804 44.947788372936756
12 6 46.8370883882149 46.837729341019305
12 7 49.78336221837088 50.0234255153853
12 8 51.559792027729635 51.49529803602723
12 9 52.25303292894281 52.02433873324219
12 10 54.46273830155979 54.47775470842646
13 1 23.83015597920277 21.5300550530254
13 2 31.152512998266896 29.66069235735913
13 3 37.47833622183709 36.81921663855219
13 4 40.51126516464472 40.65769818256791
13 5 45.147313691507804 45.61469915332579
13 6 48.22357019064125 48.50176932151519
13 7 50.30329289428076 50.55554119409869
13 8 52.16637781629117 52.20258064359129
13 9 53.81282495667244 53.96016380944596
13 10 54.76603119584056 54.91024095097914
14 1 23.700173310225303 22.446310472116735
14 2 32.62564991334489 31.200678917313923
14 3 38.51819757365685 37.63447093038812
14 4 44.194107452339686 43.161736260368734
14 5 47.70363951473137 46.77390385332917
14 6 49.610051993067586 49.08462838835143
14 7 50.12998266897747 49.8751714945696
14 8 53.336221837088395 53.068569534781155
14 9 54.07279029462738 54.029466889481945
14 10 55.19930675909879 55.32153071183541
15 1 21.707105719237436 20.094416707870366
15 2 32.97227036395147 31.62933080267126
15 3 38.56152512998267 37.401058492029335
15 4 42.63431542461005 41.781913537438015
15 5 47.227036395147316 46.668552256934646
15 6 49.48006932409012 48.880053059941005
15 7 50.82322357019065 50.9067700167123
15 8 52.426343154246105 52.567211803619564
15 9 53.509532062391685 53.51067455373343
15 10 55.28596187175043 55.28331796862725
16 1 21.577123050259967 19.343599846734058
16 2 31.88908145580589 30.609115883730432
16 3 38.9948006932409 37.75466948402981
16 4 43.06759098786828 42.559909442872254
16 5 47.053726169844026 46.623227927377826
16 6 48.1369150779896 48.09336024893983
16 7 51.12651646447141 51.418728427231116
16 8 52.556325823223574 52.58154704316769
16 9 52.946273830155974 53.120347063251074
16 10 53.552859618717505 53.60384248936915
17 1 22.357019064124785 20.126607085339487
17 2 31.109185441941072 29.701721544134852
17 3 37.17504332755633 35.87467026827545
17 4 41.421143847487 40.496416983622794
17 5 44.5840554592721 43.97136375402132
17 6 46.447140381282495 46.39881572115623
17 7 49.48006932409012 49.28275803797108
17 8 52.0363951473137 51.85320116657576
17 9 52.25303292894281 52.41144555415364
17 10 52.85961871750433 52.74739543672896
18 1 23.050259965337954 21.16018119050524
18 2 31.152512998266896 29.868781937061893
18 3 38.258232235701904 37.62950058553935
18 4 42.54766031195841 41.964172600160225
18 5 45.277296360485266 44.737092119346855
18 6 48.31022530329289 47.89672530003962
18 7 49.566724436741765 49.51482739580946
18 8 50.77989601386482 50.63734647346004
18 9 52.512998266897746 52.43517694625226
18 10 53.81282495667244 53.815943683967916
19 1 23.050259965337954 21.18795615934266
19 2 33.62218370883882 31.586272576780765
19 3 38.9948006932409 37.70429764464
19 4 44.71403812824957 43.7958609585135
19 5 45.493934142114384 45.13524135061715
19 6 47.74696707105719 47.49881264270893
19 7 49.220103986135186 48.937518600248495
19 8 50.12998266897747 49.844114637568296
19 9 51.64644714038128 51.809900638261084
19 10 52.469670710571926 52.68757697938783
20 1 22.703639514731368 20.11387228048172
20 2 33.578856152513 31.90907743380062
20 3 39.29809358752166 38.00182850318805
20 4 43.500866551126514 43.0232765994124
20 5 45.7105719237435 45.701414159176174
20 6 47.443674176776426 47.29757666571804
20 7 49.95667244367418 49.806889132573055
20 8 51.429809358752166 51.39163659332247
20 9 53.29289428076257 53.306729669487986
20 10 53.639514731369154 53.50640164532603
21 1 23.353552859618716 20.84953101543887
21 2 32.36568457538995 30.87924486932557
21 3 39.68804159445407 39.028352216966134
21 4 43.89081455805893 43.421554586271014
21 5 47.66031195840554 47.37755586290296
21 6 50.34662045060658 50.27886452341592
21 7 51.94974003466204 51.89441846264625
21 8 53.11958405545927 53.05261733118433
21 9 53.98613518197573 54.4477975716546
21 10 54.89601386481803 55.14860329698592
22 1 21.100519930675908 19.323830486251424
22 2 34.53206239168111 32.87914336230336
22 3 38.9948006932409 38.106153323571824
22 4 43.500866551126514 42.8315540358261
22 5 45.92720970537262 45.60241504326922
22 6 47.74696707105719 47.44836992530491
22 7 49.220103986135186 48.69962645377915
22 8 52.0363951473137 51.60684605514584
22 9 53.03292894280762 52.676230667214405
22 10 53.98613518197573 53.78244127920442
23 1 24.436741767764296 21.790877474923455
23 2 33.44887348353553 31.72885317286287
23 3 39.081455805892546 37.49543927950349
23 4 41.85441941074524 41.00015265623692
23 5 45.147313691507804 44.260769414173176
23 6 48.48353552859619 48.00620732225694
23 7 50.77989601386482 50.50642312174296
23 8 52.12305025996534 51.83758794446799
23 9 53.29289428076257 53.203621723463236
23 10 55.37261698440208 55.555076057852624
24 1 21.923743500866554 19.634317017872927
24 2 30.54592720970537 29.005876832111525
24 3 36.17850953206239 34.39961744442171
24 4 41.811091854419416 40.71808243110408
24 5 44.49740034662045 43.630343706591354
24 6 47.66031195840554 46.929644888836684
24 7 50.30329289428076 49.312876254241154
24 8 51.51646447140381 50.565054689126676
24 9 53.682842287694974 53.16076872005199
24 10 53.20623916811091 52.74058691550961
25 1 22.140381282495667 20.998102209973972
25 2 33.36221837088388 31.48574539425642
25 3 37.65164644714038 37.09093328392338
25 4 42.85095320623917 41.97230419554728
25 5 45.7105719237435 45.35885159216291
25 6 48.18024263431543 47.7682902266951
25 7 50.99653379549394 50.990773645299
25 8 52.729636048526864 52.86834655147293
25 9 53.94280762564991 54.22158486027745
25 10 55.28596187175043 55.37138557610386
26 1 22.746967071057192 21.071623644843335
26 2 33.188908145580584 31.545504065197616
26 3 40.20797227036395 39.46549421302328
26 4 44.62738301559792 44.6128734862535
26 5 45.66724436741767 45.754572410970326
26 6 47.61698440207972 47.36158665184796
26 7 50.30329289428076 49.74485151857966
26 8 50.99653379549394 50.79637105870995
26 9 52.296360485268636 52.02766082147156
26 10 53.16291161178509 52.893229833623245
27 1 23.26689774696707 21.43066967957641
27 2 34.40207972270364 32.86664651801128
27 3 39.168110918544194 37.84808159949381
27 4 44.194107452339686 43.39774165345076
27 5 47.61698440207972 47.304024036891896
27 6 49.350086655112655 49.19819812840174
27 7 49.78336221837088 49.83241302978931
27 8 51.51646447140381 52.148830355787
27 9 52.469670710571926 53.1757325608217
27 10 53.509532062391685 54.1647349022344
28 1 23.91681109185442 22.113257073164533
28 2 33.925476603119584 32.790359490948305
28 3 39.948006932409015 39.993180975903925
28 4 42.89428076256499 42.67148135333997
28 5 45.01733102253033 44.58786162974593
28 6 48.00693240901213 47.391851967978596
28 7 49.13344887348354 48.69092974069949
28 8 50.47660311958405 49.98421250978734
28 9 52.556325823223574 52.040074794625724
28 10 54.02946273830156 53.861749672896494
29 1 22.833622183708837 20.38121530575568
29 2 32.755632582322356 31.46442529491737
29 3 37.52166377816291 36.47652718166785
29 4 42.244367417677644 42.0698283679167
29 5 45.06065857885615 44.71141428527038
29 6 48.18024263431543 48.25244466954496
29 7 48.78682842287695 48.667321250772794
29 8 50.17331022530329 50.173584250828476
29 9 51.99306759098788 52.13164589594421
29 10 52.729636048526864 52.84467860885182
30 1 23.960138648180244 21.981429311240532
30 2 32.40901213171577 30.758143409842265
30 3 37.34835355285962 36.0154960371042
30 4 40.81455805892548 39.35436438607914
30 5 45.01733102253033 44.08542102908199
30 6 46.79376083188908 45.889415435284484
30 7 49.13344887348354 48.79644135980473
30 8 50.12998266897747 49.96459306897356
30 9 51.81975736568457 51.959754653182976
30 10 52.9896013864818 53.1825313262444
31 1 23.310225303292896 20.859955019638917
31 2 29.20277296360485 27.83903581505658
31 3 37.6949740034662 36.60814695059629
31 4 40.94454072790295 40.567588128951904
31 5 44.0207972270364 43.82609684554271
31 6 47.83362218370884 47.97679239842587
31 7 50.04332755632582 50.201364607887186
31 8 52.599653379549395 52.81328713646467
31 9 54.1161178509532 54.38554564276876
31 10 55.19930675909879 55.22286584737544
32 1 22.183708838821488 20.627013513132738
32 2 32.97227036395147 30.964394989036435
32 3 39.51473136915078 38.46339950513952
32 4 44.0207972270364 42.89439372403656
32 5 45.84055459272097 45.17685244256491
32 6 49.566724436741765 49.094863048531224
32 7 51.2998266897747 50.95776381189299
32 8 52.85961871750433 52.86565885899249
32 9 54.37608318890814 54.18558697794291
32 10 55.37261698440208 55.13114765799633
33 1 23.180242634315423 20.677621369915183
33 2 34.05545927209705 32.6688239727573
33 3 39.90467937608319 38.960325407243594
33 4 44.45407279029463 43.96828048687242
33 5 47.400346620450605 47.62554636124413
33 6 49.436741767764296 49.22216716425385
33 7 50.82322357019065 51.30027126613953
33 8 51.94974003466204 52.26229964577892
33 9 53.422876949740036 53.450450597355584
33 10 54.41941074523397 54.61121618800537
34 1 22.183708838821488 20.54690933167817
34 2 33.14558058925476 32.490902888178724
34 3 40.38128249566724 40.369477099498496
34 4 43.500866551126514 43.327548625232716
34 5 48.31022530329289 47.904054412494915
34 6 48.613518197573654 48.07371165542099
34 7 50.86655112651647 50.54326606480225
34 8 51.906412478336215 51.72880660141719
34 9 51.776429809358746 51.702169256069666
34 10 53.682842287694974 53.77934836480931
35 1 23.180242634315423 20.582371596074097
35 2 32.36568457538995 30.544582100637776
35 3 38.21490467937608 36.39733126720133
35 4 42.244367417677644 40.8052846808424
35 5 45.537261698440204 44.168987656305205
35 6 49.566724436741765 48.57317162105834
35 7 51.776429809358746 51.080946030220616
35 8 52.85961871750433 52.22960622172024
35 9 54.33275563258232 53.77516054299931
35 10 55.06932409012132 54.7181115723864
36 1 23.050259965337954 21.04396155829655
36 2 32.36568457538995 32.14871087237363
36 3 38.34488734835355 38.15231434277614
36 4 42.157712305025996 40.88224869839985
36 5 45.75389948006933 45.19006393553842
36 6 49.350086655112655 49.44352668168392
36 7 50.47660311958405 50.63043818910965
36 8 51.47313691507799 51.54386813420268
36 9 52.85961871750433 53.15034239794609
36 10 54.15944540727903 54.35661247218631
37 1 25.433275563258235 24.131656495486645
37 2 32.755632582322356 31.227753013107247
37 3 39.25476603119584 37.96046892106115
37 4 44.71403812824957 43.77753056571182
37 5 48.65684575389948 47.814160928559566
37 6 51.03986135181976 50.82492354646686
37 7 52.296360485268636 52.19546523403774
37 8 53.639514731369154 53.351704719486634
37 9 54.76603119584056 54.55727528255404
37 10 55.24263431542461 55.02245448312305
38 1 23.440207972270365 21.845325311713356
38 2 32.10571923743501 29.763295197135655
38 3 37.65164644714038 36.566887574160184
38 4 43.11091854419411 42.30272308708628
38 5 45.45060658578856 45.11893012572083
38 6 48.87348353552859 48.528207799932325
38 7 51.03986135181976 50.88372067291766
38 8 51.863084922010394 52.08290237083894
38 9 52.90294627383015 53.29310198260446
38 10 53.552859618717505 53.68862445778477
39 1 22.703639514731368 20.390671352609562
39 2 31.715771230502597 30.384964287570792
39 3 37.82495667244367 36.53760501189612
39 4 42.201039861351816 42.04432198783204
39 5 46.2738301559792 46.14055519138568
39 6 49.350086655112655 48.902744215195135
39 7 51.429809358752166 51.45311864973857
39 8 52.729636048526864 52.906624001721305
39 9 53.76949740034662 53.7047985944508
39 10 55.06932409012132 55.165534193665955
40 1 22.833622183708837 20.519126244396972
40 2 31.152512998266896 29.67562931444478
40 3 39.081455805892546 38.488131106243415
40 4 43.06759098786828 42.92228265849036
40 5 47.487001733102254 47.08415014624473
40 6 49.30675909878683 49.09096911063155
40 7 51.16984402079723 51.0273396852974
40 8 53.11958405545927 53.37496233297112
40 9 54.33275563258232 54.59655156364519
40 10 55.762564991334486 56.04923939435088
41 1 22.660311958405547 20.24801634142751
41 2 31.109185441941072 29.27919646560776
41 3 37.998266897746966 36.46976309044328
41 4 41.55112651646447 40.08406118354566
41 5 46.317157712305026 45.28212643511531
41 6 48.31022530329289 47.8303855077091
41 7 50.649913344887345 49.98298596682386
41 8 52.0363951473137 51.66132931231749
41 9 53.94280762564991 53.956600237681805
41 10 55.19930675909879 55.33437197983721
42 1 22.487001733102254 20.5120978900859
42 2 33.36221837088388 32.33311110758068
42 3 38.258232235701904 37.94825008264607
42 4 43.154246100519934 42.693123872549634
42 5 47.530329289428074 47.44657245320252
42 6 49.00346620450606 48.84203573164039
42 7 50.649913344887345 50.671294219801325
42 8 51.863084922010394 51.95596802865035
42 9 53.11958405545927 52.930901519826136
42 10 53.98613518197573 53.66642619358256
43 1 24.306759098786827 22.540605941453876
43 2 32.40901213171577 31.121750115949855
43 3 38.34488734835355 37.44120659563744
43 4 43.41421143847487 42.724997780363225
43 5 45.7105719237435 45.49434743866752
43 6 48.18024263431543 47.669658197926935
43 7 50.30329289428076 49.99358318218892
43 8 51.603119584055456 51.06605407418273
43 9 52.512998266897746 51.976830351426564
43 10 54.41941074523397 54.296642093759004
44 1 23.570190641247834 21.434925042268684
44 2 32.32235701906412 31.051556896948878
44 3 39.21143847487002 39.569923997049074
44 4 42.244367417677644 41.87339507502325
44 5 47.83362218370884 48.14473610057924
44 6 47.70363951473137 47.89424205178017
44 7 49.26343154246101 49.060763430047366
44 8 50.5632582322357 50.46497741746826
44 9 52.512998266897746 52.40250948012422
44 10 54.15944540727903 54.08566001882059
45 1 22.616984402079723 20.836643488737195
45 2 33.31889081455806 31.840654607214546
45 3 38.908145580589256 38.18312728065756
45 4 41.68110918544194 41.479349927424465
45 5 45.8838821490468 45.52103891388721
45 6 49.13344887348354 48.720431603965125
45 7 51.03986135181976 50.92865117783316
45 8 52.426343154246105 52.24234198783992
45 9 53.16291161178509 53.16593364971769
45 10 54.63604852686309 54.532804307606106
46 1 23.1369150779896 21.21590828180519
46 2 30.849220103986134 29.24075494466079
46 3 38.77816291161179 37.39355607210965
46 4 43.02426343154246 42.25584269600965
46 5 45.97053726169844 45.25742349913346
46 6 47.83362218370884 47.24189062375851
46 7 49.48006932409012 48.73825007534768
46 8 51.2998266897747 50.37627158323894
46 9 52.0363951473137 51.457982716994835
46 10 53.682842287694974 53.35139092983153
47 1 23.310225303292896 21.34465081104964
47 2 32.49566724436742 31.085765600478705
47 3 39.42807625649913 38.48779397768054
47 4 43.11091854419411 42.25674185979966
47 5 46.23050259965338 45.28245357150578
47 6 48.396880415944544 47.42777368732277
47 7 49.610051993067586 48.98803116861994
47 8 51.64644714038128 51.1916296953162
47 9 52.9896013864818 52.609015579044026
47 10 54.1161178509532 53.678030079777926
48 1 24.393414211438476 22.84783628813287
48 2 32.32235701906412 31.003038151336487
48 3 40.121317157712305 39.02038933971061
48 4 45.92720970537262 45.13561292567209
48 5 47.61698440207972 46.86564381006684
48 6 49.09012131715772 48.75516011051185
48 7 49.91334488734835 49.73470580552787
48 8 51.94974003466204 51.77587510840122
48 9 53.466204506065864 53.52494749499592
48 10 53.76949740034662 53.702179883175425
49 1 23.353552859618716 21.686953911137724
49 2 32.755632582322356 31.236187728983317
49 3 38.95147313691508 37.96153012733187
49 4 43.84748700173311 42.7822552748131
49 5 47.530329289428074 47.020193256734856
49 6 49.74003466204506 49.10575529077323
49 7 51.386481802426346 50.685355643594995
49 8 52.946273830155974 52.51726491534819
49 9 54.41941074523397 54.23820870267534
49 10 55.762564991334486 55.534426620242336
50 1 22.140381282495667 19.853166967853753
50 2 31.75909878682842 30.565035458325728
50 3 38.64818024263432 37.71765359873876
50 4 41.68110918544194 40.767457387384155
50 5 44.54072790294627 44.24060667202978
50 6 47.530329289428074 47.29657705050444
50 7 50.25996533795494 49.797620002515615
50 8 52.296360485268636 52.13278947024652
50 9 51.99306759098788 51.75602510551709
50 10 53.682842287694974 53.54096225013033
51 1 23.570190641247834 21.784493471260078
51 2 31.499133448873483 30.01297902111912
51 3 39.47140381282496 38.57301773665794
51 4 44.06412478336222 43.07165529104973
51 5 47.14038128249567 46.402248868830696
51 6 50.0 49.3912420656746
51 7 51.21317157712305 50.0621824936054
51 8 52.729636048526864 52.15299740463271
51 9 54.54939341421144 54.21201877114377
51 10 54.63604852686309 54.595464065919884
52 1 22.573656845753902 19.79553550710837
52 2 32.14904679376083 30.41958158487748
52 3 39.42807625649913 38.2818030394682
52 4 44.06412478336222 42.81882498315796
52 5 47.183708838821495 46.36683589914058
52 6 50.21663778162912 49.7048006807195
52 7 51.99306759098788 51.33616744075526
52 8 52.85961871750433 52.475861318719716
52 9 53.682842287694974 53.392916460959746
52 10 54.07279029462738 53.7282155976396
53 1 23.526863084922013 21.004739457426066
53 2 33.62218370883882 32.24375123481741
53 3 40.90121317157712 40.08538691826023
53 4 43.84748700173311 43.598335850560055
53 5 47.183708838821495 46.98732489614247
53 6 49.91334488734835 49.71853896628902
53 7 50.25996533795494 50.30272441855789
53 8 51.863084922010394 51.47487181392356
53 9 53.94280762564991 53.72435788355885
53 10 54.02946273830156 54.18378178623162
54 1 21.53379549393414 19.59997311327545
54 2 31.672443674176776 29.925609667529248
54 3 38.21490467937608 37.73313899776011
54 4 42.54766031195841 42.30098006623222
54 5 45.75389948006933 45.285048231829684
54 6 48.96013864818024 48.77120743401576
54 7 50.04332755632582 49.7683001767613
54 8 51.99306759098788 51.61785143938013
54 9 53.94280762564991 53.61568966273788
54 10 54.33275563258232 54.04706706269493
55 1 21.36048526863085 19.73319553600597
55 2 32.14904679376083 31.214780744360155
55 3 38.04159445407279 37.34153244195887
55 4 44.280762564991335 43.3540067067331
55 5 46.317157712305026 45.24190541567619
55 6 48.00693240901213 47.257704856171614
55 7 50.38994800693241 49.87963459469492
55 8 52.07972270363952 52.1607114629684
55 9 53.07625649913344 53.2889928364034
55 10 54.37608318890814 54.74277172236748
56 1 20.623916811091856 18.844926561782408
56 2 33.40554592720971 31.146561886954206
56 3 37.73830155979203 36.73715542258698
56 4 42.67764298093588 41.8080442677976
56 5 45.363951473136915 44.78446385457421
56 6 48.05025996533796 47.61001790983364
56 7 49.87001733102253 49.564341633407594
56 8 51.81975736568457 51.72619070253054
56 9 52.296360485268636 52.00905106786817
56 10 53.89948006932409 53.31395596785286
57 1 24.003466204506065 21.662102982565514
57 2 31.412478336221838 29.756811448321653
57 3 37.47833622183709 35.8325716839227
57 4 43.02426343154246 42.13696370345376
57 5 44.410745233968804 43.59695759516968
57 6 48.00693240901213 47.67013996033026
57 7 49.95667244367418 49.80790076321384
57 8 50.95320623916811 50.896919503493486
57 9 53.11958405545927 53.12100945870228
57 10 53.89948006932409 53.88854976397518
58 1 24.220103986135182 22.23689219679885
58 2 31.975736568457542 29.993842820281273
58 3 38.21490467937608 36.94072271632774
58 4 42.59098786828423 41.78580943275493
58 5 45.363951473136915 45.30448495957992
58 6 49.220103986135186 49.08472411079767
58 7 50.736568457539 50.62140555284616
58 8 53.59618717504333 53.318919998951706
58 9 53.89948006932409 54.01773847449968
58 10 54.20277296360485 54.01433419105515
59 1 23.786828422876948 21.949321258588704
59 2 32.842287694974004 31.450165607803136
59 3 38.64818024263432 37.34508319334425
59 4 43.67417677642981 43.31083915385929
59 5 45.363951473136915 44.999034042137446
59 6 48.83015597920277 48.13904349035907
59 7 51.08318890814558 50.64198765504877
59 8 51.906412478336215 51.56285885202806
59 9 52.9896013864818 52.860479280940034
59 10 53.76949740034662 53.704647862053875
60 1 24.04679376083189 21.67445674494673
60 2 33.53552859618718 31.497958881603218
60 3 39.60138648180242 38.68294103455787
60 4 42.244367417677644 41.36298329681232
60 5 45.97053726169844 45.55210164618744
60 6 48.91681109185442 48.32811897544484
60 7 51.906412478336215 51.9552988889378
60 8 52.85961871750433 52.87932448229191
60 9 53.11958405545927 52.84155857526387
60 10 54.37608318890814 54.184071761601956
61 1 24.263431542461007 21.915348718924555
61 2 32.582322357019066 32.20167426041135
61 3 38.95147313691508 37.58403847800584
61 4 45.407279029462735 44.61746727673233
61 5 47.313691507798964 46.40285832045162
61 6 49.610051993067586 49.17548596380786
61 7 49.653379549393414 49.239650264454426
61 8 51.776429809358746 51.446755531028984
61 9 53.11958405545927 52.86491793208552
61 10 54.98266897746967 54.91367352677005
62 1 24.090121317157713 23.023441805461864
62 2 31.542461005199307 30.18529718964274
62 3 38.43154246100519 37.96567295603922
62 4 42.37435008665511 42.08939566460303
62 5 46.577123050259964 46.065740175865045
62 6 50.30329289428076 49.97135089461583
62 7 51.51646447140381 50.777892917475434
62 8 52.16637781629117 51.89408884430766
62 9 52.729636048526864 52.32435882358142
62 10 53.89948006932409 53.60245273276365
63 1 24.04679376083189 22.600552039267583
63 2 32.45233968804159 30.86744795841773
63 3 38.69150779896014 37.83767220721526
63 4 42.98093587521664 42.25216149404133
63 5 45.8838821490468 45.467440015497125
63 6 48.396880415944544 47.830815417703434
63 7 50.736568457539 50.11438459053373
63 8 51.64644714038128 51.10934582369582
63 9 53.379549393414216 52.981435576185746
63 10 53.682842287694974 53.49159206118317
64 1 21.79376083188908 19.664483080906198
64 2 33.882149046793764 32.902891252635676
64 3 39.64471403812825 38.663650757289346
64 4 44.23743500866551 44.016819320267075
64 5 47.270363951473136 47.57917310128082
64 6 49.653379549393414 49.383787172803586
64 7 49.09012131715772 48.658302380538615
64 8 50.21663778162912 49.981703298441666
64 9 51.34315424610052 51.52778308247555
64 10 52.85961871750433 53.14345197766074
65 1 22.920277296360485 20.864022319224034
65 2 32.62564991334489 31.67570786743683
65 3 40.59792027729636 39.79095481322909
65 4 44.80069324090121 44.10700612760161
65 5 46.360485268630846 46.018629947791325
65 6 49.13344887348354 48.99387008778662
65 7 51.34315424610052 51.22129582193317
65 8 53.81282495667244 53.78341368464735
65 9 55.24263431542461 55.35126897411914
65 10 54.98266897746967 55.05205813090597
66 1 21.923743500866554 19.73866516897553
66 2 32.2790294627383 31.06067854470475
66 3 39.168110918544194 38.27182299850805
66 4 42.201039861351816 41.452874872129236
66 5 44.80069324090121 44.345924188447725
66 6 47.61698440207972 47.70058746678929
66 7 50.649913344887345 50.86056916417522
66 8 51.81975736568457 52.110092878777095
66 9 53.509532062391685 53.716644581023886
66 10 55.32928942807626 55.592999497846016
67 1 24.133448873483534 21.965660279772763
67 2 31.412478336221838 29.910090759948822
67 3 38.73483535528596 38.11873602317789
67 4 42.93760831889081 42.8620962332172
67 5 45.45060658578856 45.79607245008816
67 6 48.613518197573654 48.78369418333248
67 7 49.350086655112655 49.733899988418
67 8 51.863084922010394 51.81035998544339
67 9 52.772963604852684 52.55294706514445
67 10 54.33275563258232 54.30528929831711
68 1 23.39688041594454 21.67411545855893
68 2 32.842287694974004 31.418025066634748
68 3 40.68457538994801 39.97420952385676
68 4 43.327556325823224 42.55175276023799
68 5 46.92374350086655 46.85879569770369
68 6 49.69670710571924 49.419283590356066
68 7 51.733102253032925 51.75477677154294
68 8 53.03292894280762 53.01966571529525
68 9 55.15597920277296 55.05546932998288
68 10 55.589254766031196 55.79597371265969
69 1 21.36048526863085 19.103612653469497
69 2 30.979202772963603 29.792812175237867
69 3 37.911611785095324 36.95177312278996
69 4 41.85441941074524 41.81517110880225
69 5 45.407279029462735 45.76340797778417
69 6 47.83362218370884 47.479939113142684
69 7 50.60658578856152 50.81592188136638
69 8 51.34315424610052 51.75337252921962
69 9 52.07972270363952 52.06200586053781
69 10 53.20623916811091 53.64749724549049
70 1 21.79376083188908 20.50589919717538
70 2 30.849220103986134 29.297241274188497
70 3 37.39168110918544 36.18737360239351
70 4 43.197573656845755 42.92209381198818
70 5 46.2738301559792 46.1149754329801
70 6 48.96013864818024 48.975958261661034
70 7 50.519930675909876 50.7180221042037
70 8 51.25649913344888 51.52236937826142
70 9 52.686308492201036 52.941978005087506
70 10 53.24956672443674 53.70087763298819
71 1 21.620450606585788 18.806618835637824
71 2 32.885615251299825 31.439623955807143
71 3 40.294627383015595 38.84924855091478
71 4 42.244367417677644 41.27968141727662
71 5 45.277296360485266 43.85236926706137
71 6 48.18024263431543 47.0431303624668
71 7 50.47660311958405 49.48128002235596
71 8 51.386481802426346 50.81085142502233
71 9 52.816291161178505 52.34529833456415
71 10 54.02946273830156 53.53754552990917
72 1 23.1369150779896 21.519932397748384
72 2 34.18544194107452 33.367917075617456
72 3 37.954939341421145 37.46760637313016
72 4 41.984402079722706 42.147583687526996
72 5 46.10051993067591 46.386405289336324
72 6 50.5632582322357 50.751049667941686
72 7 52.296360485268636 52.67966535155384
72 8 52.599653379549395 52.891628791960045
72 9 54.41941074523397 54.53898587605314
72 10 54.59272097053726 54.705552714037445
73 1 23.39688041594454 20.90824403433936
73 2 31.369150779896017 29.468379449618908
73 3 38.73483535528596 37.642784537993194
73 4 43.240901213171576 42.28439904558718
73 5 45.92720970537262 45.01861870311312
73 6 47.61698440207972 46.71881056471899
73 7 48.91681109185442 48.109350673581844
73 8 51.08318890814558 50.74736103388786
73 9 52.556325823223574 52.16640928624172
73 10 53.59618717504333 53.33265037595641
74 1 23.440207972270365 21.48717843990802
74 2 31.932409012131718 30.626581824277483
74 3 37.56499133448873 36.558147669902866
74 4 42.50433275563258 41.63083800495569
74 5 45.06065857885615 44.59901116035389
74 6 48.18024263431543 47.952549693094355
74 7 50.21663778162912 50.09418505516577
74 8 51.25649913344888 50.92825155557925
74 9 52.16637781629117 51.82619920989243
74 10 53.11958405545927 52.81848399404142
75 1 20.97053726169844 18.830279106983134
75 2 31.75909878682842 30.249617416713093
75 3 39.29809358752166 38.018988539571275
75 4 43.154246100519934 42.45170836663087
75 5 45.92720970537262 45.15948591576676
75 6 49.09012131715772 48.66956445319856
75 7 50.736568457539 50.4673702916248
75 8 52.12305025996534 52.38280481116774
75 9 52.556325823223574 52.969022071020596
75 10 53.16291161178509 53.62457127265644
76 1 23.960138648180244 22.386647567120697
76 2 33.14558058925476 31.134158010254925
76 3 38.908145580589256 38.370066808667616
76 4 43.327556325823224 42.90351342760891
76 5 46.577123050259964 46.0278793779441
76 6 47.92027729636049 47.71332638950691
76 7 51.689774696707104 51.57903022694333
76 8 53.94280762564991 53.53986085891622
76 9 54.1161178509532 53.69253868163866
76 10 55.63258232235702 55.37605513169698
77 1 22.746967071057192 19.92815790780723
77 2 33.188908145580584 31.44821524357449
77 3 40.81455805892548 40.0314313764666
77 4 44.71403812824957 44.11623300404921
77 5 48.09358752166378 47.78343436270871
77 6 50.519930675909876 49.96657029815096
77 7 51.94974003466204 51.741000541322094
77 8 53.76949740034662 53.35454504040711
77 9 54.41941074523397 53.99647774813256
77 10 55.24263431542461 55.059000680899715
78 1 22.96360485268631 20.591245422573884
78 2 32.14904679376083 30.05834664040365
78 3 38.30155979202773 37.26917199575206
78 4 43.2842287694974 42.79307986928211
78 5 47.83362218370884 47.28193889657451
78 6 49.87001733102253 49.413814176012224
78 7 51.47313691507799 51.11891579636968
78 8 52.686308492201036 52.410577887950474
78 9 53.20623916811091 52.957975406762046
78 10 54.07279029462738 53.93673441609415
79 1 22.573656845753902 20.440458180520956
79 2 31.28249566724437 30.51927642333081
79 3 37.6949740034662 37.16559750162106
79 4 42.59098786828423 42.57398940198442
79 5 46.360485268630846 46.150839681249145
79 6 47.61698440207972 47.45339219616597
79 7 49.393414211438476 49.56414208159539
79 8 52.07972270363952 52.19002927846975
79 9 54.15944540727903 54.22972138266987
79 10 55.63258232235702 55.92047383209384
80 1 21.663778162911612 19.44439712498474
80 2 31.325823223570193 29.154654086737718
80 3 38.56152512998267 37.382111004553266
80 4 43.197573656845755 42.40196850720141
80 5 46.66377816291161 45.79454701306441
80 6 50.0 49.41219480512456
80 7 51.2998266897747 50.78281031841809
80 8 52.9896013864818 52.69155779623056
80 9 53.552859618717505 53.45046271707915
80 10 54.50606585788561 54.32581870149116
81 1 23.700173310225303 21.82971431071808
81 2 32.45233968804159 30.889709254785082
81 3 39.29809358752166 37.846633458933
81 4 42.37435008665511 41.2103147024002
81 5 44.80069324090121 44.49777719090211
81 6 47.227036395147316 46.93333562200401
81 7 49.523396880415945 49.088554804636125
81 8 50.90987868284229 50.7334770696877
81 9 52.90294627383015 52.93572388156759
81 10 54.1161178509532 54.310098226619466
82 1 22.530329289428074 20.49861330188263
82 2 31.455805892547662 29.072006375091846
82 3 38.258232235701904 36.206376381973286
82 4 42.417677642980934 41.62831370469648
82 5 45.537261698440204 44.81936812683195
82 6 48.26689774696707 47.780695108147356
82 7 50.95320623916811 50.49165897372605
82 8 51.64644714038128 51.439480408068036
82 9 53.20623916811091 53.226763365631726
82 10 54.67937608318891 54.47090007702208
83 1 21.707105719237436 19.671680309828204
83 2 34.05545927209705 32.93445162901946
83 3 39.90467937608319 39.059614539696014
83 4 43.80415944540728 43.274117814593694
83 5 46.2738301559792 45.60757258131666
83 6 49.610051993067586 48.60949511866788
83 7 50.60658578856152 49.78472864603172
83 8 52.38301559792028 51.7833115577751
83 9 53.20623916811091 52.73562528011286
83 10 54.46273830155979 53.96788652305783
84 1 23.006932409012133 21.079725165746297
84 2 32.53899480069324 31.05304209665461
84 3 38.73483535528596 38.09284075629891
84 4 43.89081455805893 43.85460177682472
84 5 45.92720970537262 45.79583305031156
84 6 47.70363951473137 47.79126443106462
84 7 49.436741767764296 49.46012489702956
84 8 51.94974003466204 51.69603967889002
84 9 52.816291161178505 52.636990003694315
84 10 54.1161178509532 54.128491146014944
85 1 21.837088388214905 20.698953854279385
85 2 31.499133448873483 30.34256482810434
85 3 39.818024263431546 39.17860466638856
85 4 44.23743500866551 43.54096391648666
85 5 46.05719237435009 45.46094943123667
85 6 48.87348353552859 48.527756330980424
85 7 50.43327556325823 50.40388474053067
85 8 51.559792027729635 51.68156399964193
85 9 53.20623916811091 53.33656939114436
85 10 54.37608318890814 54.502472749444465
86 1 22.833622183708837 20.909456909643275
86 2 33.23223570190642 31.15628736823669
86 3 40.98786828422877 40.32531755373948
86 4 43.76083188908146 43.436251778360486
86 5 45.97053726169844 45.45822530018373
86 6 48.570190641247834 48.06064502902173
86 7 50.04332755632582 49.44629063365871
86 8 51.776429809358746 51.367204722788905
86 9 53.16291161178509 53.06056620961351
86 10 54.41941074523397 54.03173516268932
87 1 20.623916811091856 18.22844126266545
87 2 31.542461005199307 30.37395376032429
87 3 36.65511265164645 35.81564421580407
87 4 41.63778162911612 41.31395407634717
87 5 45.10398613518198 44.818870324117725
87 6 48.74350086655112 48.460707503452284
87 7 50.519930675909876 50.08542470400214
87 8 52.642980935875215 52.05521878507054
87 9 53.682842287694974 53.47034148166504
87 10 53.94280762564991 53.90672172321012
88 1 23.39688041594454 21.925258157066978
88 2 33.665511265164646 33.142995609815245
88 3 40.077989601386484 39.72616073884761
88 4 43.76083188908146 43.338475810668996
88 5 45.97053726169844 45.576946409809025
88 6 47.66031195840554 47.2295254116579
88 7 49.13344887348354 49.292576257550614
88 8 50.82322357019065 50.83107357091271
88 9 51.559792027729635 51.86465030197053
88 10 52.85961871750433 53.09782822714415
89 1 23.700173310225303 21.524575634694408
89 2 32.19237435008665 30.63562321008206
89 3 39.168110918544194 38.487454551489144
89 4 44.5840554592721 43.99779067490549
89 5 47.443674176776426 46.61505578407383
89 6 49.393414211438476 49.353879307766235
89 7 51.12651646447141 50.556292844030125
89 8 52.729636048526864 51.930190516162696
89 9 54.50606585788561 53.88876268203045
89 10 55.06932409012132 54.95397416562094
90 1 22.44367417677643 20.796910798027398
90 2 30.979202772963603 29.34163674158509
90 3 36.26516464471404 34.88020851723238
90 4 41.334488734835354 40.059774357523374
90 5 44.75736568457539 43.61255789970194
90 6 47.270363951473136 45.97335843434365
90 7 49.95667244367418 48.87573812416842
90 8 51.603119584055456 50.98842125200239
90 9 53.07625649913344 52.36197249502135
90 10 53.98613518197573 53.53645037083095
91 1 24.003466204506065 22.581529747454763
91 2 34.922010398613516 33.61217668632467
91 3 39.168110918544194 38.18243938521003
91 4 44.84402079722704 44.276268319428674
91 5 47.313691507798964 47.058885302905566
91 6 48.87348353552859 48.546618363800974
91 7 50.649913344887345 50.73624426206932
91 8 52.296360485268636 52.36499793852262
91 9 53.639514731369154 53.75839841197089
91 10 54.24610051993067 54.55492881859699
92 1 22.746967071057192 20.296625005823365
92 2 32.582322357019066 30.586877216871365
92 3 39.47140381282496 38.90558140515439
92 4 42.37435008665511 41.61041878461594
92 5 45.320623916811094 44.96925419368621
92 6 47.14038128249567 46.567192421056305
92 7 48.440207972270365 47.64075567716441
92 8 50.38994800693241 49.9995667333567
92 9 51.99306759098788 51.930441071978784
92 10 54.15944540727903 54.31497948086689
93 1 23.353552859618716 21.19583084207811
93 2 33.31889081455806 31.785542552424634
93 3 38.30155979202773 37.87326191202712
93 4 42.201039861351816 42.40764651394809
93 5 46.79376083188908 46.5294585131986
93 6 49.13344887348354 48.85833836640202
93 7 51.12651646447141 51.117703195378326
93 8 52.296360485268636 52.288681859345786
93 9 54.37608318890814 54.719169954757795
93 10 54.59272097053726 54.77797632652833
94 1 22.660311958405547 20.203108751373676
94 2 32.23570190641248 30.102958930370725
94 3 38.64818024263432 37.258507207575576
94 4 43.500866551126514 42.8292821161443
94 5 45.537261698440204 44.46259983797988
94 6 47.66031195840554 46.838202008363865
94 7 48.91681109185442 48.165496798608245
94 8 51.08318890814558 50.3747139946003
94 9 52.9896013864818 52.636594898016334
94 10 53.509532062391685 53.15286857315743
95 1 24.696707105719238 22.531082381816617
95 2 34.31542461005199 33.0204984602014
95 3 40.51126516464472 39.7682846929617
95 4 44.5840554592721 44.34311109857575
95 5 47.14038128249567 47.006225176410666
95 6 48.09358752166378 47.68902133857695
95 7 50.21663778162912 49.780871627784364
95 8 52.296360485268636 51.752964688655965
95 9 52.85961871750433 52.503986179381876
95 10 53.11958405545927 52.51167661253788
96 1 21.49046793760832 20.01922053695087
96 2 32.2790294627383 31.684407595411525
96 3 39.081455805892546 37.93920707607478
96 4 43.11091854419411 42.26955365222717
96 5 46.49046793760832 45.83387572838774
96 6 47.87694974003466 47.43066294284805
96 7 49.610051993067586 49.22976571173354
96 8 51.603119584055456 51.665002596652485
96 9 53.11958405545927 52.71505808698359
96 10 54.33275563258232 54.34019936015066
97 1 23.656845753899482 21.59450035818057
97 2 32.755632582322356 31.03094583230373
97 3 38.69150779896014 37.98041422062087
97 4 43.84748700173311 42.9289048841289
97 5 47.74696707105719 47.15438134896968
97 6 49.00346620450606 48.23188529765698
97 7 51.906412478336215 51.38140221477485
97 8 53.7261698440208 53.29842663604617
97 9 54.07279029462738 53.56430339963346
97 10 55.37261698440208 54.86651223990406
98 1 22.920277296360485 21.23745221313856
98 2 31.499133448873483 30.205398608534438
98 3 38.69150779896014 37.72601196627086
98 4 44.150779896013866 43.472977006050556
98 5 47.573656845753895 46.97989761423071
98 6 49.78336221837088 49.37461716219304
98 7 51.47313691507799 51.19919016922947
98 8 53.07625649913344 52.55522400002584
98 9 53.422876949740036 52.94035460869293
98 10 54.59272097053726 54.23720561721444
99 1 23.91681109185442 21.187754129731637
99 2 34.05545927209705 32.69009624218656
99 3 38.73483535528596 37.340331126720486
99 4 40.90121317157712 39.94167190657488
99 5 45.363951473136915 45.09069016075076
99 6 47.66031195840554 47.42201759923585
99 7 48.87348353552859 48.338586539804766
99 8 50.17331022530329 49.64443440029622
99 9 52.642980935875215 51.86610836713369
99 10 53.7261698440208 53.06943241953325
