0 1 2 3
0 1 23.91681109185442 22.645755249417668
0 2 34.35875216637781 34.09898938730444
0 3 40.72790294627383 40.666609679741754
0 4 45.66724436741767 45.639646804730916
0 5 48.83015597920277 48.61047992142528
0 6 51.689774696707104 51.49526575894783
0 7 54.8526863084922 54.91505532683557
0 8 55.93587521663779 55.85490308970118
0 9 56.932409012131714 56.87951058633472
0 10 57.4523396880416 57.42969627536916
1 1 22.746967071057192 21.168854053799915
1 2 36.35181975736568 36.229672219593795
1 3 41.89774696707106 41.51760293994571
1 4 44.80069324090121 44.50333742769749
1 5 48.7001733102253 48.556225005765015
1 6 51.81975736568457 51.874111596602376
1 7 53.59618717504333 53.43936295465066
1 8 55.19930675909879 55.208578407189826
1 9 56.41247833622184 56.68829382094811
1 10 58.23223570190641 58.53357739759417
2 1 23.873483535528596 22.729936460489544
2 2 35.13864818024263 33.998944390875224
2 3 43.197573656845755 42.533926739684944
2 4 47.400346620450605 47.39576248818462
2 5 50.519930675909876 50.62613209115815
2 6 52.0363951473137 52.297411083944986
2 7 53.59618717504333 53.7316085108754
2 8 54.67937608318891 54.75501356806042
2 9 56.629116117850955 56.87181783335477
2 10 57.62564991334489 57.841834909557775
3 1 23.700173310225303 22.63250011344536
3 2 33.578856152513 32.38482989633206
3 3 40.46793760831889 39.694070334946055
3 4 45.8838821490468 45.159019517101356
3 5 48.613518197573654 48.20526674652734
3 6 51.25649913344888 51.118043713887516
3 7 53.856152512998264 54.070561656480145
3 8 54.80935875216638 54.98617495728133
3 9 55.63258232235702 55.76579145323193
3 10 56.802426343154245 56.9003582694443
4 1 25.563258232235704 23.80191293832571
4 2 33.665511265164646 32.328143252118906
4 3 39.68804159445407 38.55771406827761
4 4 44.150779896013866 42.866925804368755
4 5 49.26343154246101 49.07825841202962
4 6 52.33968804159446 52.025550238617704
4 7 54.02946273830156 54.0799758960346
4 8 55.45927209705373 55.683093668216074
4 9 56.06585788561526 56.10661925763628
4 10 56.36915077989602 56.54064481876453
5 1 23.526863084922013 22.036434806513313
5 2 33.96880415944541 32.785327562214505
5 3 41.59445407279029 41.321440884009775
5 4 45.7105719237435 45.31726404952725
5 5 49.17677642980936 48.83001652889575
5 6 50.34662045060658 50.223961687648966
5 7 52.0363951473137 51.99075429760841
5 8 55.19930675909879 55.1491912476032
5 9 56.02253032928943 56.23741107008361
5 10 56.845753899480066 56.9252996910149
6 1 23.050259965337954 20.814234220038898
6 2 33.23223570190642 32.52368510617234
6 3 41.334488734835354 40.06378300413384
6 4 44.194107452339686 43.76453130450669
6 5 48.570190641247834 48.343282107587086
6 6 52.296360485268636 52.568117721482096
6 7 52.512998266897746 52.667354033358095
6 8 54.46273830155979 54.7730301728943
6 9 55.80589254766031 56.145630237365815
6 10 56.1525129982669 56.39261226847418
7 1 25.866551126516462 25.062639633931553
7 2 37.045060658578855 35.74798258273679
7 3 41.89774696707106 41.3726812594874
7 4 46.53379549393414 46.63610496475596
7 5 49.610051993067586 49.61169743492096
7 6 52.642980935875215 52.758295338045194
7 7 54.41941074523397 54.44953526355453
7 8 55.892547660311955 55.97724826609692
7 9 56.28249566724437 56.5977824473398
7 10 56.759098786828424 57.01107364545658
8 1 24.220103986135182 22.42119857464762
8 2 34.79202772963605 33.76686803960007
8 3 40.98786828422877 40.16565827934198
8 4 45.233968804159446 44.66385626792889
8 5 49.26343154246101 49.07441790176517
8 6 51.863084922010394 51.48799401151625
8 7 53.11958405545927 52.963181415299644
8 8 54.722703639514734 54.891088022460856
8 9 56.45580589254766 56.6726642750382
8 10 58.4055459272097 58.699801635699686
9 1 26.646447140381284 25.3767322015888
9 2 34.96533795493934 33.759504060779356
9 3 41.94107452339688 41.57657387511428
9 4 47.400346620450605 46.748564678110064
9 5 51.559792027729635 51.405482638281
9 6 53.509532062391685 53.3226591313755
9 7 55.11265164644714 55.19709489054121
9 8 56.32582322357019 56.11488505617408
9 9 58.015597920277294 58.26771572155195
9 10 58.665511265164646 58.794513914038184
10 1 24.74003466204506 23.573528159877064
10 2 33.53552859618718 32.52872494989301
10 3 40.38128249566724 39.51173173679544
10 4 46.143847487001736 45.29993815615712
10 5 48.7001733102253 48.1335478842971
10 6 50.43327556325823 50.04812442642203
10 7 54.20277296360485 54.203370813069505
10 8 55.4159445407279 55.215645525896775
10 9 56.845753899480066 56.737442723756196
10 10 57.97227036395147 57.98279595700154
11 1 24.913344887348355 23.566628268544388
11 2 35.61525129982669 34.92998682723908
11 3 42.37435008665511 41.798980616023925
11 4 45.45060658578856 44.96018991141487
11 5 48.74350086655112 48.3051441591893
11 6 52.07972270363952 51.835622503167414
11 7 53.94280762564991 53.98492658285572
11 8 55.63258232235702 55.44851601292372
11 9 56.845753899480066 56.83174469411518
11 10 57.23570190641247 57.085547722568954
12 1 25.30329289428076 23.997473327738337
12 2 35.57192374350087 34.96592137978813
12 3 42.02772963604853 41.42743353402631
12 4 47.400346620450605 46.977346238256175
12 5 48.65684575389948 48.54125311814401
12 6 51.906412478336215 52.06784378061203
12 7 53.07625649913344 52.870215231262776
12 8 55.24263431542461 55.37251867523207
12 9 56.54246100519931 56.637440780946676
12 10 57.798960138648184 57.996040036788685
13 1 26.126516464471404 24.176531979357765
13 2 33.49220103986135 32.383944732114024
13 3 40.64124783362219 40.142989082083574
13 4 44.0207972270364 43.90682121826498
13 5 47.83362218370884 47.52469638445113
13 6 50.60658578856152 50.260983057432604
13 7 53.98613518197573 53.91860118815784
13 8 54.8526863084922 54.81494007267996
13 9 56.36915077989602 56.39842274820748
13 10 57.149046793760824 57.25689146924828
14 1 26.646447140381284 25.91756080216569
14 2 34.40207972270364 33.17937435074207
14 3 41.117850953206236 41.10710946255047
14 4 45.45060658578856 45.777581250122466
14 5 49.350086655112655 49.201342004645014
14 6 51.99306759098788 51.7411383707996
14 7 53.466204506065864 53.37941686261608
14 8 55.15597920277296 55.19789592688363
14 9 56.36915077989602 56.6654104989948
14 10 58.05892547660312 58.204316832540506
15 1 23.39688041594454 22.476121632327995
15 2 34.01213171577123 33.44363406707507
15 3 40.46793760831889 40.25347761096519
15 4 45.84055459272097 45.81117250219455
15 5 49.26343154246101 49.152704259909726
15 6 51.429809358752166 51.28142004247563
15 7 53.639514731369154 53.59741228201865
15 8 55.54592720970537 55.728535451846604
15 9 56.88908145580589 57.02135501726674
15 10 58.578856152513005 58.60875071501198
16 1 22.097053726169843 20.64128589160546
16 2 33.882149046793764 33.51337615237816
16 3 41.76776429809358 41.3512671746376
16 4 45.84055459272097 45.79171919014436
16 5 48.96013864818024 49.130171350503474
16 6 50.69324090121318 50.59332215889282
16 7 53.552859618717505 53.87284435257433
16 8 55.06932409012132 54.979625140017994
16 9 56.629116117850955 56.86073914050637
16 10 57.538994800693246 57.46308932422489
17 1 24.696707105719238 23.20896119734411
17 2 34.44540727902946 33.60672381228351
17 3 41.24783362218371 40.43614822716452
17 4 46.49046793760832 45.63856817292027
17 5 49.74003466204506 49.26525005107654
17 6 51.99306759098788 51.690446352743116
17 7 54.41941074523397 54.26731629497028
17 8 55.892547660311955 55.69803318522493
17 9 56.02253032928943 56.19513639120899
17 10 56.88908145580589 57.14668413727219
18 1 24.523396880415945 23.129465751277596
18 2 34.31542461005199 33.15502671674294
18 3 42.37435008665511 42.00881253053421
18 4 45.79722703639515 45.4696561773235
18 5 49.653379549393414 49.35374596677693
18 6 51.81975736568457 51.82434686093734
18 7 53.466204506065864 53.125545208892625
18 8 55.19930675909879 55.06321621587234
18 9 57.019064124783355 56.89156567311987
18 10 57.755632582322356 57.587520367172075
19 1 22.876949740034664 21.327592908262474
19 2 34.05545927209705 33.0923205830747
19 3 40.38128249566724 39.670878816887495
19 4 45.79722703639515 45.14373896014165
19 5 46.8370883882149 46.609664396139294
19 6 49.566724436741765 49.39073927426311
19 7 51.689774696707104 51.69133828739599
19 8 52.729636048526864 52.83706500858764
19 9 53.422876949740036 53.55801490923419
19 10 55.50259965337955 55.37026961257522
20 1 23.1369150779896 21.616150103657215
20 2 35.65857885615251 34.76785559763859
20 3 42.85095320623917 42.391807754113316
20 4 47.313691507798964 47.46577765406725
20 5 50.25996533795494 50.5215564762166
20 6 52.642980935875215 53.05631887167647
20 7 54.93934142114385 55.10383282597003
20 8 55.45927209705373 55.65307902357738
20 9 57.538994800693246 57.701975478270114
20 10 58.14558058925476 58.350849080206594
21 1 24.523396880415945 22.35089848171578
21 2 35.61525129982669 34.6607361529763
21 3 42.59098786828423 42.459148224474916
21 4 45.92720970537262 46.22353640818151
21 5 49.48006932409012 49.3118539681488
21 6 52.90294627383015 52.794307204403246
21 7 54.33275563258232 54.14038240526383
21 8 56.672443674176776 56.49673603952073
21 9 58.015597920277294 57.91567405931664
21 10 58.882149046793764 58.90155888124292
22 1 22.097053726169843 20.826067388571104
22 2 36.26516464471404 35.752946794224016
22 3 41.204506065857885 40.93479886774483
22 4 44.45407279029463 44.18274305425089
22 5 49.74003466204506 49.62341062492877
22 6 51.906412478336215 51.86268101686133
22 7 53.639514731369154 53.65529944628263
22 8 55.15597920277296 55.3760237291751
22 9 56.54246100519931 56.60985448951595
22 10 57.668977469670715 57.6899682804481
23 1 26.51646447140381 24.523692791678357
23 2 34.79202772963605 33.434108445326736
23 3 41.811091854419416 41.10085533996052
23 4 46.01386481802427 45.805454120222954
23 5 48.83015597920277 49.02066008385539
23 6 51.863084922010394 51.79709660632692
23 7 53.682842287694974 54.074088055846595
23 8 55.15597920277296 55.469762903245844
23 9 56.06585788561526 56.427636013904234
23 10 58.015597920277294 58.33777470125901
24 1 24.56672443674177 22.19044762065779
24 2 33.882149046793764 32.53790953637434
24 3 39.73136915077989 38.493785364263644
24 4 44.88734835355286 44.06452505476268
24 5 47.357019064124785 47.02989301567439
24 6 50.21663778162912 50.14046732066425
24 7 53.379549393414216 52.86204313758025
24 8 53.89948006932409 53.626885322480625
24 9 55.45927209705373 55.15322842687965
24 10 56.06585788561526 55.70852171902301
25 1 23.526863084922013 22.679808517839184
25 2 33.62218370883882 32.59868342000247
25 3 40.68457538994801 40.726619621129466
25 4 45.45060658578856 45.128947110720986
25 5 49.436741767764296 49.55628039974165
25 6 51.689774696707104 51.42793882856515
25 7 53.552859618717505 53.75308514468631
25 8 55.15597920277296 55.219312306301795
25 9 57.105719237435004 57.385564730899844
25 10 57.149046793760824 57.431091009667455
26 1 25.086655112651645 24.11384070921781
26 2 34.44540727902946 33.47453388350062
26 3 42.201039861351816 41.880976877258725
26 4 46.62045060658579 46.874594624122636
26 5 48.09358752166378 48.47821969559428
26 6 50.38994800693241 50.584358574755015
26 7 51.863084922010394 51.9196594206572
26 8 53.422876949740036 53.271035742294934
26 9 54.59272097053726 54.1622322378221
26 10 56.36915077989602 56.47487257969501
27 1 25.34662045060659 24.66899100081025
27 2 35.52859618717504 35.17438896646064
27 3 41.24783362218371 40.965092740259934
27 4 45.92720970537262 46.19746775662316
27 5 49.17677642980936 49.4272833539912
27 6 51.25649913344888 51.18064475008286
27 7 53.11958405545927 53.11911600600872
27 8 54.37608318890814 54.89366247631423
27 9 55.719237435008665 56.20281553235306
27 10 57.06239168110918 57.433104984780044
28 1 24.436741767764296 22.99451184301054
28 2 35.22530329289428 34.736009446304436
28 3 42.63431542461005 42.79917960651538
28 4 45.01733102253033 44.85021136674632
28 5 48.396880415944544 48.065119965653835
28 6 50.519930675909876 50.52362286466084
28 7 52.469670710571926 52.709910643829396
28 8 54.24610051993067 54.28632465760076
28 9 56.23916811091855 56.47211223093813
28 10 56.802426343154245 57.13106238397913
29 1 24.653379549393414 22.890877691469708
29 2 34.835355285961874 34.412167690803415
29 3 40.55459272097054 40.253437514398264
29 4 45.407279029462735 45.54407465573956
29 5 48.96013864818024 49.098447773873566
29 6 52.0363951473137 52.25621841677939
29 7 53.379549393414216 53.63920585143405
29 8 54.67937608318891 55.1070528667291
29 9 55.63258232235702 55.85060358301364
29 10 57.06239168110918 57.16561056616462
30 1 25.086655112651645 23.79646081460533
30 2 34.18544194107452 32.418049804106744
30 3 39.038128249566725 38.36108915668611
30 4 43.58752166377816 42.62975292692496
30 5 47.14038128249567 46.572458512215384
30 6 49.91334488734835 49.662962950677326
30 7 51.16984402079723 51.03595085074534
30 8 53.29289428076257 53.54317947202094
30 9 55.02599653379549 55.3231263013189
30 10 56.499133448873486 56.74153695080765
31 1 24.176776429809358 23.26176425613456
31 2 32.36568457538995 31.274935404972194
31 3 39.86135181975737 39.18187110903823
31 4 44.45407279029463 44.1314505469983
31 5 47.0103986135182 47.01092681704539
31 6 51.08318890814558 51.023262934254696
31 7 53.422876949740036 53.847876654074454
31 8 55.06932409012132 55.58620310328741
31 9 56.499133448873486 56.89881496304528
31 10 56.36915077989602 56.70851205035202
32 1 23.39688041594454 22.639115651524374
32 2 34.61871750433276 33.43900693783358
32 3 41.03119584055459 40.39897010331857
32 4 45.233968804159446 45.38772297433372
32 5 48.353552859618716 48.06896064560529
32 6 51.689774696707104 51.45655511096107
32 7 53.59618717504333 53.50015603287891
32 8 55.24263431542461 55.308697422398154
32 9 56.58578856152513 56.587866868554784
32 10 57.23570190641247 57.0255864354287
33 1 24.56672443674177 23.4719477941466
33 2 35.918544194107454 34.835860617276495
33 3 42.157712305025996 41.5475956930552
33 4 45.84055459272097 45.67738041840265
33 5 49.17677642980936 49.196586456782384
33 6 50.99653379549394 50.709322661021325
33 7 53.16291161178509 53.34272928212772
33 8 54.2894280762565 54.30918236239351
33 9 56.54246100519931 56.86126035617903
33 10 57.4523396880416 57.77675010129257
34 1 24.610051993067593 23.558095138798826
34 2 35.09532062391681 34.77102615225792
34 3 42.417677642980934 42.61341779829628
34 4 45.7105719237435 45.76893397605185
34 5 50.30329289428076 50.134742534084786
34 6 53.07625649913344 53.03884933326779
34 7 53.7261698440208 53.781636645659646
34 8 54.59272097053726 54.68665415762594
34 9 55.589254766031196 55.80048600232638
34 10 56.19584055459272 56.46044246670496
35 1 24.090121317157713 22.57827776802859
35 2 35.48526863084922 34.00575350770812
35 3 41.811091854419416 40.86495310731752
35 4 45.45060658578856 45.10511170893583
35 5 48.440207972270365 48.14766421858074
35 6 52.556325823223574 52.25489484844703
35 7 55.15597920277296 54.95705162703995
35 8 56.19584055459272 55.89498898714083
35 9 58.53552859618717 58.44619695104994
35 10 58.622183708838826 58.6786070894875
36 1 26.689774696707108 25.73386829295036
36 2 36.43847487001733 35.77080059773876
36 3 43.11091854419411 42.48552002168144
36 4 45.493934142114384 44.67309391575712
36 5 49.13344887348354 48.335219738590695
36 6 51.94974003466204 51.711376834968945
36 7 53.422876949740036 53.242899486288294
36 8 54.76603119584056 54.68028221843602
36 9 56.1525129982669 56.05711903102873
36 10 56.88908145580589 56.831807408893894
37 1 25.909878682842287 25.406741894973976
37 2 33.70883882149047 33.03220276254772
37 3 42.07105719237435 41.08967590702406
37 4 46.577123050259964 45.89278070765609
37 5 51.21317157712305 50.531144555535725
37 6 53.59618717504333 53.52212907145712
37 7 54.89601386481803 54.98258922706479
37 8 55.762564991334486 55.97992811479868
37 9 57.49566724436742 57.68929474535053
37 10 59.01213171577123 59.11054684049885
38 1 24.35008665511265 22.533056327072945
38 2 34.878682842287695 32.83234074568569
38 3 40.251299826689774 39.47684023921347
38 4 45.190641247833625 44.69369459728739
38 5 47.66031195840554 47.54298930268459
38 6 51.12651646447141 50.98591736141723
38 7 53.07625649913344 53.408712529432975
38 8 54.37608318890814 54.70688989009403
38 9 55.37261698440208 55.72293855931031
38 10 56.802426343154245 57.07846690533316
39 1 25.476603119584055 23.747169288819837
39 2 34.748700173310226 34.0322109388846
39 3 40.20797227036395 39.886595417618835
39 4 46.143847487001736 46.09502828489682
39 5 49.26343154246101 49.340807749119186
39 6 52.642980935875215 52.75662131158978
39 7 55.06932409012132 55.18912053090857
39 8 55.93587521663779 55.817805309534265
39 9 58.14558058925476 58.2137519443038
39 10 58.925476603119584 58.97277901009558
40 1 24.48006932409012 23.196517901192983
40 2 35.051993067590985 34.08387353329336
40 3 42.417677642980934 42.12971530825697
40 4 46.10051993067591 46.03817680283946
40 5 50.12998266897747 50.025349186689084
40 6 52.85961871750433 53.07421328868804
40 7 54.8526863084922 54.94422594976493
40 8 56.7157712305026 57.00069923112
40 9 57.712305025996535 57.8746094706535
40 10 59.74870017331022 60.000033999197036
41 1 24.393414211438476 22.846386474052466
41 2 33.27556325823224 32.1542683585633
41 3 38.86481802426343 37.84294562733444
41 4 44.93067590987868 44.03046243624094
41 5 48.48353552859619 47.6289699675868
41 6 50.43327556325823 50.16132353571964
41 7 52.729636048526864 52.198144472140854
41 8 55.02599653379549 54.74802842913267
41 9 55.84922010398613 55.63083645016146
41 10 57.40901213171578 57.314923281906275
42 1 24.696707105719238 23.120891755378345
42 2 36.3951473136915 34.83404310524969
42 3 42.244367417677644 41.71542580046234
42 4 46.66377816291161 46.407163085464845
42 5 50.25996533795494 50.153920262879645
42 6 52.946273830155974 52.76518511632806
42 7 53.11958405545927 53.17680386163819
42 8 55.02599653379549 54.96697545772875
42 9 56.1525129982669 55.84754119533591
42 10 57.92894280762565 57.78037622503129
43 1 25.82322357019064 24.06539041161581
43 2 35.181975736568454 34.58425085383339
43 3 40.55459272097054 39.68301602683978
43 4 46.01386481802427 45.33397536759167
43 5 47.96360485268631 47.641774924970576
43 6 50.25996533795494 50.23682162020059
43 7 52.296360485268636 52.12578990424742
43 8 55.02599653379549 54.90986489310998
43 9 55.719237435008665 55.50779887125468
43 10 56.802426343154245 56.66902691339588
44 1 24.436741767764296 23.37323570113213
44 2 35.961871750433275 35.334590011890384
44 3 42.54766031195841 42.37803905218558
44 4 46.01386481802427 46.118982878537366
44 5 48.83015597920277 49.44789173295817
44 6 50.519930675909876 51.153334797992365
44 7 52.25303292894281 52.739266843437484
44 8 53.59618717504333 53.99136878064918
44 9 54.67937608318891 54.93250235500465
44 10 56.802426343154245 57.29203123571502
45 1 24.003466204506065 22.982145814264776
45 2 34.40207972270364 33.231861964176574
45 3 41.46447140381282 41.28631240892882
45 4 45.320623916811094 45.17910479258037
45 5 49.523396880415945 49.59241885785785
45 6 52.12305025996534 52.014978739028315
45 7 53.76949740034662 53.63015436152851
45 8 53.856152512998264 53.84208177538197
45 9 55.15597920277296 55.166709338614325
45 10 56.41247833622184 56.45994084942926
46 1 24.87001733102253 22.85643950378578
46 2 33.31889081455806 31.845451644075883
46 3 41.37781629116118 40.73587266373277
46 4 45.363951473136915 44.981660337441554
46 5 48.1369150779896 47.54235105543306
46 6 50.649913344887345 50.14888546897019
46 7 53.682842287694974 53.429528182057595
46 8 53.76949740034662 53.47956424349278
46 9 55.15597920277296 54.910375262679324
46 10 57.019064124783355 56.96157364670543
47 1 24.436741767764296 23.203177236089182
47 2 34.66204506065858 33.40949783567609
47 3 41.074523396880416 40.52185639673159
47 4 46.10051993067591 45.49759613049346
47 5 49.87001733102253 49.6155818487465
47 6 51.25649913344888 50.907519875012895
47 7 53.552859618717505 53.33149760385131
47 8 55.54592720970537 55.658479258541426
47 9 57.019064124783355 56.942090667195785
47 10 57.668977469670715 57.7634665487656
48 1 24.610051993067593 22.77803226385187
48 2 34.61871750433276 33.053562281414365
48 3 42.201039861351816 41.41484631247127
48 4 47.227036395147316 46.79666739283328
48 5 51.429809358752166 51.14392661342142
48 6 53.336221837088395 53.26254008116395
48 7 54.46273830155979 54.40905586506538
48 8 55.892547660311955 56.145698792448414
48 9 57.4523396880416 57.80383817370417
48 10 58.44887348353552 58.602999072089354
49 1 25.38994800693241 24.10099376120056
49 2 34.61871750433276 33.7862919459527
49 3 42.114384748700175 41.8518783400518
49 4 45.7105719237435 45.42975989227119
49 5 48.570190641247834 48.75904815264755
49 6 50.99653379549394 51.140033501091295
49 7 53.59618717504333 53.7379219697811
49 8 54.93934142114385 54.92888513519188
49 9 56.7157712305026 56.77190939497954
49 10 57.149046793760824 57.139071592374655
50 1 23.050259965337954 22.4514874517844
50 2 33.49220103986135 32.99079248443863
50 3 40.59792027729636 40.21105525906919
50 4 44.23743500866551 44.118773377406875
50 5 48.78682842287695 48.24246264998044
50 6 50.5632582322357 50.62857429851917
50 7 53.29289428076257 53.21057321436833
50 8 54.89601386481803 54.9000328553906
50 9 56.19584055459272 56.04985035750626
50 10 56.1525129982669 56.50014941138324
51 1 23.570190641247834 22.134326369774428
51 2 34.748700173310226 34.15923073599326
51 3 42.76429809358752 42.370626224858356
51 4 46.317157712305026 45.85073279006159
51 5 49.30675909878683 48.923342397769645
51 6 51.12651646447141 50.926547762203676
51 7 54.24610051993067 54.07310359363958
51 8 55.37261698440208 55.38078229065283
51 9 56.23916811091855 56.15347696883114
51 10 57.538994800693246 57.6130259523493
52 1 23.483535528596185 22.002414628235368
52 2 34.66204506065858 33.5095921930148
52 3 42.50433275563258 42.011839545150444
52 4 46.447140381282495 46.139567240309006
52 5 49.17677642980936 49.25086109019804
52 6 52.0363951473137 51.61157663163033
52 7 53.94280762564991 53.81845558803852
52 8 55.84922010398613 55.6255746429883
52 9 56.802426343154245 56.53589755880425
52 10 57.668977469670715 57.47166788100601
53 1 24.436741767764296 22.638050199891918
53 2 35.78856152512998 34.70192589292395
53 3 43.63084922010398 43.47527813880424
53 4 46.66377816291161 46.913938310727886
53 5 51.12651646447141 51.34054341927726
53 6 52.946273830155974 53.15947466769466
53 7 53.639514731369154 53.65795120520881
53 8 55.4159445407279 55.36529182106052
53 9 56.45580589254766 56.31591324382848
53 10 57.019064124783355 57.023591505624246
54 1 23.440207972270365 22.03242012826611
54 2 35.22530329289428 33.97506973076369
54 3 41.85441941074524 40.91297477500781
54 4 44.10745233968804 43.673723486121794
54 5 48.52686308492201 48.540210022272305
54 6 52.16637781629117 52.01280661960803
54 7 53.509532062391685 53.45091342931932
54 8 54.8526863084922 54.65983763347943
54 9 56.23916811091855 56.186269451687224
54 10 56.759098786828424 56.842576791752144
55 1 24.56672443674177 23.68027870462197
55 2 34.748700173310226 33.63465545635732
55 3 40.59792027729636 40.15095066248463
55 4 45.92720970537262 45.8045528252094
55 5 49.26343154246101 49.12016129521156
55 6 52.0363951473137 52.13542884893621
55 7 52.686308492201036 52.49673950154698
55 8 54.50606585788561 54.49026114172638
55 9 56.28249566724437 56.49765660368761
55 10 58.188908145580584 58.46718823662006
56 1 21.273830155979205 20.12951365663794
56 2 35.181975736568454 33.7391290172349
56 3 41.03119584055459 40.475109698013185
56 4 45.66724436741767 45.4736270617392
56 5 49.220103986135186 49.02449529328196
56 6 51.733102253032925 51.498118887585555
56 7 54.1161178509532 53.62778124096281
56 8 55.80589254766031 55.580609371442144
56 9 55.892547660311955 55.75408924182228
56 10 58.05892547660312 57.67569539215218
57 1 25.259965337954938 23.294947589394972
57 2 33.36221837088388 31.753972616579006
57 3 40.68457538994801 39.238025721640554
57 4 45.75389948006933 45.35453960948213
57 5 48.74350086655112 48.455601186378324
57 6 51.603119584055456 51.207905552052615
57 7 53.81282495667244 53.42286043878228
57 8 54.07279029462738 53.948855036111645
57 9 55.37261698440208 55.276070958765764
57 10 56.45580589254766 56.22102180421461
58 1 25.953206239168107 24.98955382703013
58 2 33.578856152513 32.88563199192717
58 3 39.73136915077989 39.35192763966149
58 4 44.194107452339686 44.155038338714945
58 5 48.05025996533796 48.29496015130412
58 6 51.64644714038128 52.18750605620607
58 7 52.599653379549395 52.81631090884794
58 8 54.37608318890814 54.69015133430533
58 9 55.32928942807626 55.60853524678486
58 10 55.84922010398613 55.92109586881041
59 1 24.090121317157713 22.53303257285537
59 2 35.051993067590985 33.280443348997224
59 3 41.89774696707106 40.812591160548465
59 4 46.01386481802427 45.550431383753306
59 5 48.78682842287695 48.293529588895424
59 6 51.51646447140381 50.96663268996123
59 7 53.29289428076257 52.87308816235537
59 8 55.54592720970537 55.642041791184184
59 9 55.762564991334486 55.711008176048104
59 10 57.49566724436742 57.57722182954386
60 1 26.126516464471404 24.464653386926365
60 2 34.96533795493934 33.67806261438109
60 3 41.46447140381282 40.85099193905884
60 4 43.977469670710576 43.717488814786456
60 5 47.79029462738302 47.76475739387536
60 6 50.43327556325823 50.52597623677054
60 7 53.03292894280762 53.23268088456155
60 8 54.76603119584056 55.13652414223513
60 9 55.19930675909879 55.62058575152925
60 10 56.28249566724437 56.392478252400494
61 1 25.736568457538993 24.12328584054225
61 2 35.57192374350087 35.4686450262126
61 3 42.59098786828423 41.8350524650032
61 4 46.10051993067591 45.61310705105887
61 5 48.7001733102253 48.453925219193124
61 6 51.16984402079723 50.96705939176328
61 7 52.946273830155974 52.71068530499636
61 8 54.98266897746967 54.63960310631667
61 9 56.06585788561526 55.90177465387883
61 10 57.149046793760824 57.016351903932886
62 1 24.87001733102253 23.920486590797495
62 2 33.838821490467936 33.03790863869092
62 3 41.76776429809358 41.5324785995651
62 4 44.75736568457539 44.58494039101013
62 5 49.30675909878683 48.990247804150044
62 6 51.16984402079723 50.70456699128886
62 7 52.686308492201036 52.4189579479954
62 8 54.67937608318891 54.31877652530002
62 9 56.06585788561526 55.87940577523563
62 10 57.23570190641247 56.98382421511108
63 1 24.393414211438476 22.863418606063878
63 2 34.575389948006936 33.386267520590806
63 3 42.201039861351816 42.246295624756435
63 4 46.49046793760832 46.42887358443542
63 5 49.610051993067586 49.51226757724338
63 6 52.556325823223574 52.41489775434399
63 7 54.50606585788561 54.36036520860807
63 8 54.37608318890814 54.455559985123905
63 9 56.06585788561526 55.998663178727995
63 10 58.708838821490474 58.44335083496115
64 1 22.876949740034664 22.043227777277856
64 2 35.52859618717504 34.96566681925721
64 3 41.37781629116118 41.13175259280611
64 4 45.66724436741767 45.54405546273391
64 5 49.91334488734835 49.890543119764644
64 6 52.16637781629117 52.03071873012368
64 7 52.686308492201036 52.851024023538415
64 8 54.07279029462738 54.02053352690487
64 9 55.93587521663779 55.963073463999216
64 10 57.23570190641247 57.22514797971776
65 1 24.003466204506065 22.096912748464746
65 2 33.70883882149047 32.75678677565401
65 3 41.46447140381282 41.11606190000491
65 4 47.14038128249567 46.96103216345964
65 5 49.87001733102253 50.049533499489144
65 6 52.85961871750433 52.86530940409849
65 7 54.8526863084922 55.04834101804617
65 8 56.23916811091855 56.25150158915241
65 9 57.668977469670715 57.755132502994144
65 10 58.10225303292894 58.02741101153077
66 1 24.263431542461007 22.82936839172511
66 2 33.578856152513 32.809180370356614
66 3 41.24783362218371 41.25809219201144
66 4 44.84402079722704 44.55234133109766
66 5 47.227036395147316 47.16115594865181
66 6 50.04332755632582 50.338237653946805
66 7 53.379549393414216 53.78235474756329
66 8 55.892547660311955 56.312028722669496
66 9 57.798960138648184 58.013924385993164
66 10 58.83882149046794 58.94354441350876
67 1 25.433275563258235 24.148276973168464
67 2 34.44540727902946 33.377980849236906
67 3 41.55112651646447 40.99916890105659
67 4 46.10051993067591 46.14191277951493
67 5 50.0 50.16020640427071
67 6 52.33968804159446 52.57133689325276
67 7 52.686308492201036 53.08832688113942
67 8 54.54939341421144 55.08769453075729
67 9 55.32928942807626 55.47441199532395
67 10 55.93587521663779 56.381535652960125
68 1 24.35008665511265 22.522826039470303
68 2 34.96533795493934 33.96860974902358
68 3 41.68110918544194 40.517651538932625
68 4 45.92720970537262 45.52391271947996
68 5 49.350086655112655 49.371145188116586
68 6 51.559792027729635 51.46291192906949
68 7 54.50606585788561 54.099216225967275
68 8 56.672443674176776 56.6043184499485
68 9 57.32235701906413 57.318478072827986
68 10 57.885615251299825 58.07441342308209
69 1 24.523396880415945 22.925399649954574
69 2 32.92894280762565 32.156176401618
69 3 40.20797227036395 39.671135306135476
69 4 45.407279029462735 45.37954018417433
69 5 48.05025996533796 48.27811786272765
69 6 50.47660311958405 50.70567342207529
69 7 53.29289428076257 53.59394953825639
69 8 54.33275563258232 54.7428232753726
69 9 55.67590987868284 55.855331746630114
69 10 56.28249566724437 56.650687390591614
70 1 25.17331022530329 23.68181091599029
70 2 33.40554592720971 32.17548468828905
70 3 40.424610051993064 39.72265689854965
70 4 45.233968804159446 44.995290795079086
70 5 49.220103986135186 49.05310407978593
70 6 52.25303292894281 52.39126029010396
70 7 53.639514731369154 53.58465561346053
70 8 55.45927209705373 55.771210915273016
70 9 56.845753899480066 57.1449406074057
70 10 57.538994800693246 57.90715602663894
71 1 23.353552859618716 21.579943489595728
71 2 34.1421143847487 33.06485102367586
71 3 41.161178509532064 39.94830302216724
71 4 45.537261698440204 44.75570403607478
71 5 48.22357019064125 47.511950343488664
71 6 51.603119584055456 51.330443944347
71 7 53.16291161178509 52.68008218309765
71 8 54.46273830155979 54.18619576950681
71 9 55.63258232235702 55.43129988954358
71 10 56.1525129982669 56.07271651651365
72 1 26.083188908145583 25.13066661305296
72 2 36.43847487001733 35.86211842617682
72 3 41.89774696707106 41.83965135354194
72 4 44.97400346620451 45.31416346325319
72 5 48.613518197573654 48.74531851852764
72 6 52.816291161178505 53.24467031893661
72 7 55.11265164644714 55.74723486744833
72 8 55.24263431542461 55.67938494505715
72 9 56.28249566724437 56.539845269158754
72 10 56.845753899480066 57.241972193356695
73 1 25.563258232235704 23.499279525782825
73 2 33.70883882149047 32.381415468542286
73 3 42.201039861351816 41.8356559246823
73 4 45.62391681109185 45.44278969448153
73 5 50.12998266897747 49.97858649485487
73 6 52.296360485268636 51.940190744112456
73 7 53.29289428076257 53.17506175034492
73 8 55.19930675909879 54.94436700825588
73 9 56.45580589254766 56.359531845432606
73 10 57.712305025996535 57.757188814353874
74 1 24.696707105719238 23.135264255406945
74 2 33.49220103986135 32.40524157576968
74 3 39.948006932409015 39.14492184524269
74 4 44.49740034662045 44.50833811184866
74 5 48.613518197573654 48.62523363218725
74 6 50.17331022530329 50.208662997148465
74 7 53.11958405545927 53.31607524912898
74 8 54.33275563258232 54.434047224119055
74 9 55.63258232235702 55.473491851810444
74 10 56.499133448873486 56.421317635026845
75 1 23.700173310225303 22.066870772627773
75 2 33.578856152513 32.61376925813535
75 3 42.114384748700175 41.45445915789048
75 4 45.493934142114384 45.05841356511193
75 5 49.09012131715772 49.09114980445621
75 6 50.47660311958405 51.170336915510575
75 7 52.816291161178505 53.81610457524458
75 8 53.89948006932409 54.75704741763487
75 9 54.722703639514734 55.80523839553021
75 10 55.97920277296361 56.78750712103467
76 1 25.909878682842287 24.633025625876925
76 2 34.96533795493934 33.80193081170799
76 3 42.54766031195841 41.81731563370792
76 4 45.75389948006933 45.66293425266245
76 5 49.87001733102253 49.69950177037953
76 6 51.2998266897747 51.13658787934149
76 7 54.41941074523397 54.48675707835699
76 8 55.892547660311955 55.76103051037556
76 9 57.23570190641247 57.115301728179936
76 10 58.49220103986135 58.43104988966472
77 1 25.12998266897747 23.34939796078369
77 2 34.31542461005199 32.618241981612314
77 3 40.90121317157712 39.65642513898156
77 4 46.75043327556326 46.23550198808813
77 5 49.523396880415945 48.677775390339725
77 6 51.429809358752166 50.73191909701381
77 7 53.29289428076257 52.97435919032159
77 8 55.06932409012132 54.69964263097366
77 9 56.32582322357019 55.99142713088895
77 10 57.06239168110918 57.031901768229766
78 1 23.223570190641247 21.463460819726553
78 2 33.665511265164646 32.210707519335095
78 3 40.121317157712305 39.05641746815271
78 4 46.18717504332756 45.634390747271596
78 5 49.87001733102253 49.372113390969304
78 6 51.25649913344888 50.992167104194344
78 7 52.9896013864818 52.64237416753899
78 8 54.98266897746967 54.40578144511545
78 9 56.45580589254766 56.18031014518225
78 10 57.36568457538995 57.20098037746458
79 1 22.790294627383016 21.204172287221457
79 2 34.61871750433276 34.48466388751753
79 3 40.68457538994801 40.85959699767075
79 4 45.407279029462735 45.74068302428991
79 5 49.13344887348354 49.34334608799699
79 6 50.736568457539 51.30509099288238
79 7 52.556325823223574 53.27261075445472
79 8 54.46273830155979 54.8953589408607
79 9 55.84922010398613 56.271173360176974
79 10 57.49566724436742 57.916094896466234
80 1 22.660311958405547 21.078630341321183
80 2 33.40554592720971 31.99585589191443
80 3 40.164644714038126 39.64896952446176
80 4 44.93067590987868 44.59444420585429
80 5 49.30675909878683 49.08155727486207
80 6 51.733102253032925 51.54736082506339
80 7 53.81282495667244 53.617527458321625
80 8 55.37261698440208 55.55069430749623
80 9 56.23916811091855 56.629520798433276
80 10 57.019064124783355 57.350482155202606
81 1 24.74003466204506 23.137280020363015
81 2 33.14558058925476 31.73303340131013
81 3 41.03119584055459 40.13098273590958
81 4 43.89081455805893 43.071527015974915
81 5 47.14038128249567 46.857197731771436
81 6 50.21663778162912 49.963012027943556
81 7 51.51646447140381 51.31971685645681
81 8 53.98613518197573 53.91185918157589
81 9 55.37261698440208 55.34715544716068
81 10 56.759098786828424 56.89523041107184
82 1 23.526863084922013 21.79393462801047
82 2 33.44887348353553 32.074577313429074
82 3 40.294627383015595 39.07385832109647
82 4 45.10398613518198 44.42355575772582
82 5 48.570190641247834 48.1032125211279
82 6 51.776429809358746 51.444859279204294
82 7 54.98266897746967 54.911000736644986
82 8 55.97920277296361 56.17265560587229
82 9 56.759098786828424 56.853333682270055
82 10 57.62564991334489 57.7510744245346
83 1 22.746967071057192 22.152888221056394
83 2 34.66204506065858 34.618119266662845
83 3 41.421143847487 41.40776614798784
83 4 45.92720970537262 45.96442482104636
83 5 49.13344887348354 48.85069786409957
83 6 52.20970537261699 51.803840358541095
83 7 52.90294627383015 52.43992133932803
83 8 55.02599653379549 54.738591882720925
83 9 56.672443674176776 56.71627753162287
83 10 57.19237435008665 57.14084510479845
84 1 24.696707105719238 23.15018934131485
84 2 34.705372616984405 33.623955981584935
84 3 41.50779896013865 40.800857470934645
84 4 44.23743500866551 43.99098789624903
84 5 46.88041594454073 46.78221011462328
84 6 48.87348353552859 48.8424698250297
84 7 51.2998266897747 51.45546683484022
84 8 53.81282495667244 54.015243887073595
84 9 56.02253032928943 56.12859858750067
84 10 57.06239168110918 57.42541470708964
85 1 23.09358752166378 21.962087478279397
85 2 32.712305025996535 31.52515803401082
85 3 40.55459272097054 39.90791073856978
85 4 45.92720970537262 45.38590277074149
85 5 49.220103986135186 48.563685154352925
85 6 51.559792027729635 51.53439879875242
85 7 52.469670710571926 52.34279709525558
85 8 54.50606585788561 54.48295182675294
85 9 55.892547660311955 56.005822452246065
85 10 57.36568457538995 57.45246153142926
86 1 26.603119584055456 25.541959484860318
86 2 36.3951473136915 34.726169268705085
86 3 42.114384748700175 41.86257490174215
86 4 46.75043327556326 46.60279881285336
86 5 50.0 49.90567006646242
86 6 52.12305025996534 51.91348545390287
86 7 54.1161178509532 54.170610333461426
86 8 55.4159445407279 55.26928803587282
86 9 57.32235701906413 57.40476470186947
86 10 57.885615251299825 57.88431899174685
87 1 22.400346620450605 20.862889353868493
87 2 32.45233968804159 31.734492788199898
87 3 38.95147313691508 38.94024413066275
87 4 43.197573656845755 43.30104351228204
87 5 47.053726169844026 47.26904639907687
87 6 50.69324090121318 50.88038140850134
87 7 52.729636048526864 53.26663151304552
87 8 55.67590987868284 55.66596866407133
87 9 56.32582322357019 56.370110294411866
87 10 57.06239168110918 57.263062614273444
88 1 25.34662045060659 24.52831479051438
88 2 34.878682842287695 35.06747399186766
88 3 43.370883882149045 43.27983587553622
88 4 46.317157712305026 46.49137858784561
88 5 49.30675909878683 49.5247978898898
88 6 51.863084922010394 52.14326187358588
88 7 52.816291161178505 53.081540695668906
88 8 55.11265164644714 55.072929333334244
88 9 55.589254766031196 55.33106984660861
88 10 56.932409012131714 56.85694947086396
89 1 25.476603119584055 23.764332193761582
89 2 34.22876949740035 33.431771773920644
89 3 41.161178509532064 40.88258924774078
89 4 47.14038128249567 47.0787507329423
89 5 49.69670710571924 49.442200157207246
89 6 52.469670710571926 52.341944788805364
89 7 54.98266897746967 54.70337088630015
89 8 55.28596187175043 55.1607896719831
89 9 56.932409012131714 56.880171105421354
89 10 57.27902946273831 57.33901394330512
90 1 23.700173310225303 22.238432475970324
90 2 34.705372616984405 33.77210251202648
90 3 40.03466204506066 39.11123526774708
90 4 44.45407279029463 43.54388783101485
90 5 48.22357019064125 47.43870922985069
90 6 49.74003466204506 49.21488350813677
90 7 53.03292894280762 52.671991915963254
90 8 54.59272097053726 54.297045454679846
90 9 56.932409012131714 56.674806042185
90 10 57.668977469670715 57.60703398245387
91 1 25.043327556325824 23.927655849618578
91 2 34.835355285961874 34.15472538416628
91 3 41.117850953206236 40.63722203428286
91 4 46.10051993067591 46.27083748394558
91 5 49.95667244367418 50.24077081765939
91 6 51.429809358752166 51.68602904117206
91 7 52.772963604852684 53.028897918967374
91 8 55.37261698440208 55.61842340994886
91 9 56.672443674176776 56.98696642414922
91 10 57.755632582322356 58.301245170778984
92 1 24.696707105719238 22.766572565989748
92 2 34.48873483535528 33.17460168452776
92 3 41.59445407279029 41.06122260999297
92 4 44.49740034662045 44.07727053691524
92 5 48.18024263431543 47.96816288817464
92 6 48.96013864818024 48.529046327611795
92 7 51.16984402079723 51.00474180639555
92 8 53.856152512998264 54.05011087114704
92 9 54.8526863084922 55.088211093194225
92 10 55.84922010398613 55.99136937174758
93 1 25.043327556325824 23.87332739536178
93 2 37.34835355285962 36.541234303038934
93 3 40.98786828422877 40.436590564484135
93 4 46.8370883882149 47.051356524030126
93 5 50.649913344887345 50.41515871519293
93 6 52.25303292894281 51.99759894185615
93 7 54.50606585788561 54.56273584925634
93 8 54.722703639514734 54.9430611420525
93 9 56.02253032928943 55.975167124469394
93 10 58.05892547660312 58.05975576430738
94 1 23.83015597920277 22.870646497538928
94 2 34.96533795493934 33.4815547899281
94 3 41.46447140381282 41.06111954628001
94 4 47.313691507798964 47.06688356935122
94 5 50.90987868284229 50.66759120912992
94 6 52.20970537261699 52.10259700231652
94 7 53.76949740034662 53.74049916930318
94 8 56.36915077989602 56.48423428156455
94 9 57.149046793760824 57.25902695110238
94 10 57.27902946273831 57.2989898689264
95 1 23.353552859618716 21.60254673527345
95 2 34.27209705372617 33.521186883988975
95 3 42.59098786828423 42.364436706581415
95 4 46.403812824956674 46.518820824863084
95 5 49.523396880415945 49.34127009469
95 6 50.47660311958405 50.24359356666545
95 7 52.33968804159446 51.99737602759873
95 8 53.76949740034662 53.4123627521098
95 9 54.8526863084922 54.63763363788626
95 10 56.36915077989602 56.173112537966816
96 1 24.35008665511265 23.280333581116807
96 2 34.96533795493934 34.9488284834824
96 3 41.37781629116118 41.07245144589753
96 4 45.58058925476603 45.612850067127106
96 5 49.00346620450606 49.15636973849557
96 6 50.34662045060658 50.34082135374578
96 7 52.85961871750433 52.90584451768879
96 8 55.54592720970537 55.90935854836876
96 9 56.672443674176776 56.75906932123972
96 10 57.36568457538995 57.46675774585459
97 1 24.74003466204506 23.36582517441407
97 2 35.48526863084922 34.598156754902156
97 3 41.68110918544194 41.09106484793246
97 4 47.400346620450605 46.67168378535637
97 5 50.08665511265165 49.36952177567048
97 6 52.426343154246105 52.166195391925484
97 7 54.37608318890814 54.30805830711753
97 8 55.589254766031196 55.46484542496175
97 9 57.40901213171578 57.472380348072235
97 10 58.578856152513005 58.62336346805712
98 1 24.523396880415945 22.593471238918433
98 2 33.31889081455806 31.914236639744175
98 3 40.98786828422877 39.76515052260466
98 4 47.357019064124785 46.98544126664955
98 5 50.86655112651647 50.44989758184201
98 6 53.20623916811091 53.0108127278266
98 7 55.32928942807626 55.20727514918885
98 8 56.932409012131714 56.83992852551004
98 9 57.842287694974004 57.731441053784735
98 10 58.622183708838826 58.56329744075545
99 1 25.259965337954938 23.480185437586567
99 2 34.35875216637781 33.55101364644851
99 3 40.90121317157712 40.12915478723161
99 4 46.05719237435009 46.00831827575903
99 5 50.519930675909876 50.54705093882711
99 6 51.34315424610052 51.542107042940046
99 7 52.599653379549395 52.92776484117599
99 8 54.33275563258232 54.602187223750896
99 9 56.06585788561526 56.21967638123867
99 10 57.97227036395147 57.97996404902044
