0 1 2 3
0 1 29.462738301559792 26.375823800543426
0 2 40.68457538994801 38.60028866373669
0 3 46.75043327556326 45.00555493250896
0 4 50.12998266897747 48.22955442672897
0 5 53.509532062391685 52.08812142777211
0 6 55.63258232235702 54.194873240974
0 7 57.27902946273831 56.122611223933724
0 8 59.18544194107452 58.02014063037543
0 9 59.92201039861352 58.72241362938877
0 10 60.70190641247834 59.58997484773657
1 1 29.462738301559792 25.657266170367173
1 2 39.68804159445407 38.01123726552427
1 3 47.443674176776426 45.95608551753445
1 4 50.5632582322357 48.897861320402995
1 5 52.946273830155974 51.25106394451805
1 6 55.892547660311955 54.6177491925992
1 7 57.27902946273831 55.80230896641437
1 8 58.14558058925476 56.603652321350516
1 9 59.7053726169844 58.20999038995801
1 10 60.35528596187175 59.15296528835123
2 1 29.462738301559792 26.375391486953927
2 2 42.201039861351816 39.856534325552246
2 3 48.1369150779896 46.27604605638187
2 4 51.81975736568457 49.97754168436266
2 5 53.98613518197573 52.63703090552539
2 6 57.49566724436742 56.49046741213593
2 7 59.18544194107452 58.42302874620779
2 8 59.48873483535528 58.62682988241663
2 9 60.961871750433275 59.76583947311256
2 10 61.65511265164645 60.29754536859168
3 1 29.07279029462738 26.336234999821095
3 2 39.21143847487002 36.470606809740815
3 3 47.053726169844026 45.20635839684037
3 4 52.9896013864818 51.378696765258155
3 5 55.24263431542461 53.99627672981702
3 6 56.672443674176776 55.470149791638825
3 7 57.97227036395147 57.002660038179755
3 8 58.96880415944541 58.208327237297254
3 9 60.61525129982669 60.12264547312884
3 10 61.78509532062392 61.23870671925658
4 1 30.24263431542461 26.553044702573946
4 2 39.77469670710572 37.914669959822845
4 3 44.367417677642976 42.94987366773411
4 4 49.350086655112655 48.20573264320248
4 5 52.512998266897746 51.405174453345026
4 6 54.46273830155979 53.272343884769
4 7 57.019064124783355 56.01699769423977
4 8 58.44887348353552 57.11796972599779
4 9 59.74870017331022 58.86779849005151
4 10 60.70190641247834 59.87582672188023
5 1 30.285961871750434 26.94223666451787
5 2 42.67764298093588 40.41042309205186
5 3 48.74350086655112 46.72050492158906
5 4 52.33968804159446 51.14670862277437
5 5 54.37608318890814 52.99665070886539
5 6 56.499133448873486 54.896810783370285
5 7 57.712305025996535 56.230459459063056
5 8 59.1421143847487 57.55053574467141
5 9 60.35528596187175 59.07324379372936
5 10 61.135181975736565 59.74901525916959
6 1 29.506065857885616 26.842057485500266
6 2 40.59792027729636 38.079587467207325
6 3 44.150779896013866 41.64302203759071
6 4 48.74350086655112 46.611269577731534
6 5 51.81975736568457 49.50376232623638
6 6 53.94280762564991 51.75809799427121
6 7 56.672443674176776 54.77215748857711
6 8 58.925476603119584 57.2827584733412
6 9 59.53206239168111 57.91194668189732
6 10 60.31195840554593 59.17590982379172
7 1 30.285961871750434 27.087635310058257
7 2 39.73136915077989 37.3758316829145
7 3 45.407279029462735 43.33348464275598
7 4 49.87001733102253 47.89048169737826
7 5 53.509532062391685 51.6051862816957
7 6 56.32582322357019 54.79697012042893
7 7 58.49220103986135 57.177674390533895
7 8 59.40207972270364 58.195514481825036
7 9 60.48526863084922 59.390747718843414
7 10 61.178509532062385 60.07829224414986
8 1 28.596187175043326 25.45383782678962
8 2 40.294627383015595 37.293267310573896
8 3 46.10051993067591 43.79978337519622
8 4 48.7001733102253 46.102118341992814
8 5 52.12305025996534 49.69475326006716
8 6 56.02253032928943 53.838837526104456
8 7 56.88908145580589 55.06957683204845
8 8 59.27209705372617 57.62893254727983
8 9 60.31195840554593 58.739395481968906
8 10 60.61525129982669 58.97259928326122
9 1 30.11265164644714 26.78795593860589
9 2 40.59792027729636 38.746621736430896
9 3 47.87694974003466 45.86067916866861
9 4 51.429809358752166 50.122621115340074
9 5 53.81282495667244 52.67181751003574
9 6 55.762564991334486 54.435744535617545
9 7 56.932409012131714 55.479028671950445
9 8 58.44887348353552 57.50324514042039
9 9 59.96533795493934 58.681919793288486
9 10 60.4419410745234 59.00433846109133
10 1 30.155979202772965 26.61100924402203
10 2 39.081455805892546 35.89591694902228
10 3 45.79722703639515 42.93182411715195
10 4 50.17331022530329 47.555408486177
10 5 51.25649913344888 49.27505169335577
10 6 53.7261698440208 51.81236055353955
10 7 57.149046793760824 55.66952065534115
10 8 58.708838821490474 57.012296376347024
10 9 60.831889081455806 59.502111703730876
10 10 63.60485268630849 62.65333406421782
11 1 28.856152512998268 25.21523269158368
11 2 39.038128249566725 36.429664086842344
11 3 46.317157712305026 44.13931333556073
11 4 49.48006932409012 47.30695164965681
11 5 52.07972270363952 50.041339404541205
11 6 54.24610051993067 52.51187883086041
11 7 57.149046793760824 55.83405453532409
11 8 57.49566724436742 56.33723952831416
11 9 60.48526863084922 59.53652964350948
11 10 61.30849220103987 60.33711834726409
12 1 30.935875216637783 27.689494910634593
12 2 39.86135181975737 36.9667473381344
12 3 44.84402079722704 42.44285570699282
12 4 49.350086655112655 47.49145746066631
12 5 53.20623916811091 51.709374622503155
12 6 56.02253032928943 54.36052223675381
12 7 58.188908145580584 56.771576690788486
12 8 59.09878682842288 57.797619358003104
12 9 61.005199306759096 59.64073153333609
12 10 62.30502599653379 60.93816029652497
13 1 28.292894280762564 24.85537155675344
13 2 38.9948006932409 36.49649156606054
13 3 45.363951473136915 43.67523928004143
13 4 49.48006932409012 47.95786506872625
13 5 53.89948006932409 52.410317777935376
13 6 56.88908145580589 55.71447632180837
13 7 58.752166377816295 57.305490309655546
13 8 60.35528596187175 59.104240446839064
13 9 60.05199306759099 58.86403212558092
13 10 61.09185441941074 60.275226524977995
14 1 29.72270363951473 25.9187958055739
14 2 40.20797227036395 37.62037485673313
14 3 47.92027729636049 45.76450956733537
14 4 50.649913344887345 48.856067685995086
14 5 53.94280762564991 52.247072194684705
14 6 56.32582322357019 54.61775741916573
14 7 56.58578856152513 55.05130904973623
14 8 57.97227036395147 56.74354991529349
14 9 59.35875216637781 58.434589421258046
14 10 59.83535528596187 58.548185229353976
15 1 30.979202772963603 27.41845474964837
15 2 40.55459272097054 37.8124722627545
15 3 48.09358752166378 45.85461884701576
15 4 51.34315424610052 49.39179928951168
15 5 55.63258232235702 54.02244786624798
15 6 56.932409012131714 55.65886891966091
15 7 57.92894280762565 56.4593354859687
15 8 60.05199306759099 58.578745076963
15 9 61.09185441941074 60.164551915818976
15 10 61.39514731369151 60.474949860093616
16 1 29.8526863084922 26.349635258174125
16 2 40.64124783362219 38.492548326180966
16 3 46.92374350086655 45.62114527754048
16 4 50.21663778162912 48.87581374098019
16 5 52.599653379549395 51.499226187877476
16 6 56.06585788561526 55.365533598825934
16 7 57.105719237435004 56.44180788050765
16 8 57.755632582322356 56.72864614387687
16 9 59.7053726169844 58.85757539024525
16 10 60.65857885615251 59.81617906515903
17 1 28.552859618717502 24.507763199019262
17 2 37.911611785095324 35.17465942061706
17 3 43.71750433275563 41.1918738235201
17 4 50.0 47.828957146465875
17 5 53.639514731369154 51.289586213228034
17 6 56.88908145580589 54.932795672280655
17 7 59.05545927209705 57.544501933774264
17 8 60.4419410745234 59.10263515957826
17 9 61.48180242634316 59.85277801836432
17 10 62.348353552859614 60.79460797346974
18 1 30.11265164644714 25.962671952795123
18 2 40.294627383015595 37.33875437025875
18 3 46.403812824956674 45.098076587685945
18 4 50.69324090121318 49.398831409136605
18 5 54.2894280762565 53.32267143754576
18 6 55.719237435008665 54.67782168110731
18 7 59.35875216637781 58.187125137610984
18 8 60.91854419410745 59.804524718247556
18 9 61.178509532062385 60.16529710248187
18 10 62.43500866551126 60.99034855135559
19 1 27.859618717504333 24.470062726984935
19 2 38.56152512998267 36.038478335844246
19 3 45.97053726169844 43.59449916139319
19 4 50.60658578856152 48.33332558683773
19 5 53.76949740034662 51.72186396143223
19 6 54.15944540727903 52.58852198194378
19 7 55.63258232235702 54.186021774625715
19 8 57.538994800693246 56.48557260460281
19 9 58.708838821490474 57.655332243383114
19 10 60.52859618717504 59.6073393683342
20 1 28.769497400346623 26.11881688761912
20 2 40.121317157712305 37.70884662335507
20 3 47.87694974003466 45.80495172287064
20 4 52.12305025996534 50.570365077954804
20 5 55.45927209705373 53.91578649657879
20 6 57.27902946273831 55.9660380612718
20 7 59.61871750433275 58.48874206818036
20 8 60.31195840554593 59.07998149695379
20 9 61.52512998266898 60.599715601769056
20 10 62.824956672443676 61.64998090580854
21 1 28.682842287694974 25.232437528301265
21 2 40.90121317157712 37.532406419923305
21 3 46.447140381282495 44.147501868151444
21 4 51.34315424610052 49.47038896427462
21 5 55.15597920277296 53.86987557772137
21 6 56.02253032928943 54.732567396603486
21 7 58.882149046793764 57.82383593525544
21 8 60.52859618717504 59.635268111538785
21 9 61.871750433275565 60.88330563199208
21 10 62.30502599653379 60.877821974724924
22 1 30.415944540727903 26.85495108494362
22 2 40.251299826689774 38.011748066646675
22 3 47.487001733102254 45.51206358885841
22 4 51.776429809358746 49.63287192340915
22 5 54.02946273830156 52.307850063296215
22 6 57.23570190641247 55.90744672342901
22 7 59.18544194107452 57.83891282657482
22 8 61.09185441941074 60.10641186886597
22 9 61.35181975736569 60.703432256671405
22 10 63.084922010398614 62.567890297695364
23 1 32.885615251299825 29.585201344881412
23 2 42.46100519930676 39.557592221000746
23 3 49.220103986135186 47.1823240125198
23 4 53.76949740034662 51.73662798502819
23 5 55.24263431542461 53.79332959704244
23 6 59.05545927209705 57.41306700252537
23 7 59.83535528596187 58.30811280632159
23 8 60.78856152512998 59.762881200293506
23 9 61.78509532062392 60.710045241722256
23 10 62.348353552859614 61.33762570721385
24 1 27.989601386481805 23.814288355504402
24 2 40.251299826689774 36.8303681476169
24 3 44.80069324090121 42.6069757081718
24 4 49.393414211438476 47.473096910511316
24 5 51.99306759098788 50.35563180894654
24 6 54.89601386481803 53.39824243442515
24 7 56.06585788561526 54.609412103146596
24 8 58.27556325823223 57.20973492861693
24 9 60.831889081455806 60.07175883399793
24 10 62.218370883882145 61.70262888755415
25 1 30.54592720970537 27.444625241136134
25 2 41.37781629116118 38.9409454864304
25 3 46.403812824956674 44.85752026491785
25 4 52.12305025996534 51.514760975421616
25 5 54.02946273830156 53.841519450165045
25 6 56.54246100519931 56.51674679572083
25 7 60.18197573656846 59.840201647121674
25 8 60.26863084922011 59.38104141574742
25 9 62.911611785095324 62.11450691703051
25 10 62.781629116117855 61.728216548869256
26 1 29.07279029462738 26.230287781226007
26 2 39.42807625649913 36.72749918731573
26 3 44.84402079722704 42.629416730978484
26 4 49.91334488734835 48.010492270693504
26 5 52.599653379549395 51.2121842104198
26 6 55.32928942807626 54.10925774193556
26 7 58.49220103986135 57.577195676800194
26 8 59.7053726169844 58.85025608118754
26 9 61.741767764298096 60.96394741178249
26 10 62.391681109185434 61.92896298942152
27 1 30.37261698440208 27.54886284972857
27 2 40.164644714038126 37.980667711088714
27 3 48.396880415944544 46.469754211540305
27 4 51.25649913344888 49.61750515612492
27 5 56.23916811091855 54.918063123721296
27 6 57.798960138648184 56.34850869937152
27 7 60.18197573656846 58.89453552263297
27 8 60.18197573656846 59.03460370462996
27 9 61.61178509532063 60.61865411054522
27 10 62.218370883882145 61.423281413765054
28 1 28.682842287694974 25.30417177496245
28 2 39.21143847487002 36.41533201502166
28 3 44.0207972270364 41.45222756673601
28 4 49.220103986135186 47.405914468182644
28 5 52.90294627383015 51.25627371392899
28 6 54.46273830155979 52.60386099791155
28 7 57.105719237435004 55.73196221761806
28 8 58.622183708838826 57.43990765387132
28 9 60.18197573656846 59.228060655668
28 10 61.135181975736565 60.27046660057156
29 1 30.675909878682845 27.145940000906272
29 2 41.59445407279029 39.83418301870719
29 3 48.00693240901213 46.78803997629192
29 4 53.509532062391685 52.448737236275235
29 5 55.84922010398613 54.85726158740288
29 6 57.40901213171578 56.558256075692015
29 7 58.925476603119584 58.136669239905316
29 8 60.05199306759099 59.379243969386195
29 9 60.13864818024264 59.512415768336645
29 10 61.48180242634316 61.00456001760357
30 1 27.902946273830153 24.265475518968067
30 2 37.60831889081456 34.661302461557696
30 3 45.233968804159446 43.28274630765314
30 4 48.87348353552859 47.53775716043774
30 5 51.559792027729635 50.38763186619617
30 6 54.722703639514734 53.38531297281338
30 7 57.32235701906413 56.17505852606448
30 8 57.49566724436742 56.70678806752375
30 9 59.05545927209705 58.6199792780434
30 10 60.961871750433275 60.27751074724379
31 1 29.07279029462738 26.24400814360655
31 2 37.911611785095324 35.67663266639207
31 3 46.18717504332756 44.60659656300527
31 4 48.96013864818024 47.0460803509107
31 5 52.729636048526864 50.78795703432948
31 6 55.589254766031196 53.74315420882101
31 7 57.32235701906413 55.84270070432456
31 8 59.31542461005199 58.09739541982268
31 9 60.48526863084922 59.24975502927193
31 10 61.005199306759096 60.07608895392092
32 1 30.76256499133449 27.011579969339778
32 2 41.161178509532064 38.9725365866079
32 3 47.270363951473136 44.794879360261625
32 4 52.85961871750433 50.70817080662741
32 5 54.67937608318891 52.845454243153526
32 6 56.58578856152513 54.986387105433806
32 7 58.96880415944541 57.30076589871268
32 8 59.83535528596187 58.19595412504557
32 9 61.09185441941074 59.609007139655965
32 10 62.001733102253034 60.568266453859486
33 1 29.93934142114385 25.792085830505368
33 2 39.77469670710572 37.01440542414569
33 3 47.400346620450605 45.23744692319831
33 4 49.26343154246101 47.738689028107146
33 5 52.25303292894281 50.27624047956103
33 6 55.32928942807626 53.890724566731826
33 7 56.759098786828424 55.32298325569182
33 8 58.44887348353552 57.08223259074201
33 9 59.22876949740035 57.93303023275722
33 10 59.74870017331022 58.389241480679246
34 1 31.06585788561525 28.0406366470524
34 2 38.21490467937608 35.729574505878915
34 3 45.45060658578856 43.297684905035226
34 4 49.82668977469671 47.722457199266806
34 5 53.856152512998264 52.333591735841765
34 6 56.06585788561526 54.67904336612881
34 7 57.32235701906413 56.06582669476915
34 8 59.40207972270364 58.09719220127402
34 9 60.78856152512998 59.58676395204754
34 10 61.135181975736565 60.08238104009189
35 1 31.715771230502597 28.653526116159618
35 2 39.5580589254766 36.7954323619369
35 3 46.10051993067591 43.71428793530535
35 4 50.34662045060658 48.229597223735865
35 5 53.29289428076257 51.43145163303059
35 6 56.23916811091855 54.65736293662613
35 7 57.668977469670715 56.141034229171225
35 8 58.96880415944541 57.382923947845875
35 9 60.70190641247834 59.143411031594454
35 10 61.95840554592721 60.93369016168968
36 1 30.24263431542461 27.51861534097516
36 2 39.124783362218366 36.32219024852816
36 3 46.577123050259964 44.399305704865824
36 4 51.25649913344888 49.29088085033101
36 5 53.639514731369154 52.289897443555176
36 6 56.54246100519931 55.01749810945958
36 7 59.83535528596187 58.23284785731835
36 8 61.22183708838822 60.05558783623483
36 9 62.52166377816292 61.53283264634683
36 10 63.128249566724435 62.145933857058026
37 1 30.11265164644714 27.61191285897532
37 2 39.38474870017331 36.77310788529583
37 3 46.403812824956674 43.4300690837852
37 4 50.38994800693241 47.904814084637586
37 5 52.816291161178505 50.78895248512789
37 6 55.45927209705373 53.68184673748295
37 7 57.105719237435004 55.46335881176847
37 8 58.83882149046794 57.30154321461218
37 9 60.61525129982669 58.936838643933186
37 10 61.43847487001734 60.23902145729828
38 1 27.989601386481805 24.121197681962123
38 2 38.128249566724435 35.37919027789762
38 3 44.71403812824957 42.45080930041506
38 4 49.04679376083189 47.2428221890679
38 5 52.12305025996534 50.701308631079364
38 6 55.97920277296361 54.99260028217934
38 7 57.97227036395147 56.801139247510626
38 8 59.22876949740035 58.16656928510287
38 9 60.57192374350087 59.48764301586915
38 10 61.48180242634316 60.698562120530795
39 1 29.376083188908147 24.64338759302955
39 2 37.52166377816291 34.71690600526802
39 3 44.194107452339686 41.51372457834242
39 4 49.653379549393414 47.39514316560413
39 5 52.33968804159446 50.270087321049516
39 6 55.50259965337955 53.663984443287184
39 7 58.10225303292894 56.2214671885406
39 8 59.74870017331022 57.84717716940455
39 9 61.35181975736569 60.09141777439703
39 10 62.175043327556324 60.83783818243991
40 1 31.022530329289427 27.29645791592047
40 2 38.258232235701904 35.03297543713443
40 3 46.317157712305026 44.52322329577254
40 4 50.519930675909876 48.820024724140154
40 5 51.776429809358746 50.35766547602278
40 6 54.722703639514734 53.854472226206575
40 7 58.015597920277294 57.49103565784124
40 8 59.40207972270364 58.55245731671265
40 9 60.87521663778163 59.98756716767979
40 10 61.61178509532063 60.69172294832234
41 1 28.03292894280763 24.778657187386724
41 2 39.21143847487002 36.78687523091625
41 3 44.67071057192374 42.80567903892057
41 4 50.47660311958405 48.92631508686105
41 5 53.98613518197573 52.19032681505627
41 6 55.45927209705373 54.354235223720885
41 7 57.582322357019066 56.596434769266004
41 8 59.27209705372617 58.36270956764187
41 9 60.65857885615251 59.67648549165621
41 10 61.52512998266898 60.70311570865445
42 1 29.93934142114385 25.99893115864946
42 2 42.244367417677644 40.45972661664731
42 3 48.96013864818024 47.52910055869149
42 4 53.856152512998264 52.950352766553536
42 5 56.54246100519931 55.26899795763771
42 6 56.58578856152513 55.6284300047122
42 7 58.10225303292894 57.454741290576386
42 8 60.05199306759099 59.50459846674033
42 9 61.30849220103987 60.4592394836059
42 10 62.30502599653379 61.74346392759033
43 1 28.03292894280763 24.0874268564266
43 2 38.38821490467937 34.89596178636346
43 3 45.147313691507804 42.84872632134214
43 4 48.74350086655112 46.90465154881022
43 5 52.38301559792028 50.53473277358199
43 6 54.63604852686309 53.25326746542653
43 7 56.932409012131714 55.66752203273958
43 8 58.578856152513005 57.729851481104355
43 9 60.05199306759099 59.38502597870462
43 10 61.30849220103987 60.50130437980088
44 1 29.20277296360485 25.08137801847204
44 2 40.94454072790295 39.30346022305423
44 3 47.74696707105719 45.63687717319796
44 4 52.599653379549395 50.69989849129325
44 5 54.54939341421144 52.73584271692609
44 6 55.84922010398613 54.32222558169171
44 7 57.36568457538995 55.88117014961951
44 8 59.27209705372617 57.89445405984186
44 9 60.35528596187175 59.03680422049216
44 10 61.35181975736569 60.002926836669246
45 1 29.72270363951473 27.197593223814142
45 2 38.47487001733102 36.64443475276952
45 3 45.45060658578856 43.080439226755885
45 4 49.69670710571924 47.24031230232786
45 5 52.9896013864818 51.681428044803
45 6 56.19584055459272 54.875853775262804
45 7 57.798960138648184 56.636465365839584
45 8 59.79202772963605 58.62482267063383
45 9 61.65511265164645 60.66706580840029
45 10 62.348353552859614 61.424117680678656
46 1 29.116117850953206 25.45908929011466
46 2 38.38821490467937 35.94365750535722
46 3 46.75043327556326 44.6601509222446
46 4 50.38994800693241 48.99307255892586
46 5 53.552859618717505 52.35015102253382
46 6 57.538994800693246 56.3466413870135
46 7 59.31542461005199 58.259740781468295
46 8 59.48873483535528 58.38295769180411
46 9 60.4419410745234 59.6419388723055
46 10 61.52512998266898 60.46823675702642
47 1 30.19930675909879 26.981780217930652
47 2 39.948006932409015 36.84770462667701
47 3 47.87694974003466 45.53728816320671
47 4 51.733102253032925 49.563441083925795
47 5 53.639514731369154 51.53590984951322
47 6 54.93934142114385 53.40533479089974
47 7 56.88908145580589 55.21831010520945
47 8 58.83882149046794 57.41380591626446
47 9 59.48873483535528 58.15631539029482
47 10 60.22530329289428 58.85424391172229
48 1 30.89254766031196 27.622868676325695
48 2 38.64818024263432 35.85622082200303
48 3 44.49740034662045 41.93904467532925
48 4 49.48006932409012 47.33494802000487
48 5 53.639514731369154 51.69371642861903
48 6 56.32582322357019 54.56805407240732
48 7 58.752166377816295 57.182395496628004
48 8 59.96533795493934 58.01031183384014
48 9 61.22183708838822 59.84121137645844
48 10 63.21490467937608 61.69895215390297
49 1 30.24263431542461 27.962090147217246
49 2 41.37781629116118 39.143535057100515
49 3 47.487001733102254 45.53773319304929
49 4 51.429809358752166 50.07566876271514
49 5 55.762564991334486 54.70912089593395
49 6 57.06239168110918 56.06451121949576
49 7 58.4055459272097 57.06485470302861
49 8 60.35528596187175 58.839868872165624
49 9 61.35181975736569 60.216695231887485
49 10 62.56499133448874 61.2348816690463
50 1 31.325823223570193 28.46982591801634
50 2 41.161178509532064 38.761794523046916
50 3 47.400346620450605 45.103346904585806
50 4 50.95320623916811 48.88060964132175
50 5 53.422876949740036 51.3299337449414
50 6 54.80935875216638 53.13593003235365
50 7 57.105719237435004 55.80076810728429
50 8 59.22876949740035 58.176370736814235
50 9 59.44540727902946 58.36881155605784
50 10 60.26863084922011 59.63145028627903
51 1 29.54939341421144 26.01036897382055
51 2 40.03466204506066 37.018663769650345
51 3 46.66377816291161 45.102129579987285
51 4 50.38994800693241 48.8921022695596
51 5 54.37608318890814 52.73313638306845
51 6 56.499133448873486 54.764108566824795
51 7 57.105719237435004 55.32343127443846
51 8 58.96880415944541 57.59023447033385
51 9 59.92201039861352 58.436781613122044
51 10 60.74523396880416 59.5020387883461
52 1 28.03292894280763 24.441632625327564
52 2 39.60138648180242 37.155437239833375
52 3 44.367417677642976 42.69922980505113
52 4 51.08318890814558 49.316694350330565
52 5 53.76949740034662 51.86428464432916
52 6 56.45580589254766 54.54479593422151
52 7 59.31542461005199 57.68341860198352
52 8 60.18197573656846 58.4882531924524
52 9 61.871750433275565 60.31647938473292
52 10 62.651646447140386 61.352438677060576
53 1 28.336221837088388 24.36231771154293
53 2 40.64124783362219 38.44122238014535
53 3 47.87694974003466 45.82464426578963
53 4 49.436741767764296 47.85013206794727
53 5 52.512998266897746 50.945330028843
53 6 54.63604852686309 52.974395735769285
53 7 56.629116117850955 54.77792503873776
53 8 58.27556325823223 56.763569507965016
53 9 59.1421143847487 57.680227470717085
53 10 61.048526863084916 59.742897825692665
54 1 29.636048526863085 25.961136108772482
54 2 42.244367417677644 39.860788351579004
54 3 47.487001733102254 45.246611977114114
54 4 52.25303292894281 50.5410811585988
54 5 56.23916811091855 54.81755092371529
54 6 58.665511265164646 57.149800462767466
54 7 59.27209705372617 57.790853274030866
54 8 61.005199306759096 59.82853441253339
54 9 62.30502599653379 60.904370856820314
54 10 63.04159445407279 61.90303916628014
55 1 28.336221837088388 24.750512564716402
55 2 39.34142114384749 36.52447457252177
55 3 46.577123050259964 44.92880309536463
55 4 51.47313691507799 49.415672200353214
55 5 55.15597920277296 53.95109826705479
55 6 56.672443674176776 55.784683546300705
55 7 58.49220103986135 57.357009655303145
55 8 60.39861351819758 59.66191260365415
55 9 61.09185441941074 60.209337925580975
55 10 61.39514731369151 60.5382661167539
56 1 30.329289428076255 26.85517671092353
56 2 40.38128249566724 38.482191716301244
56 3 46.49046793760832 44.97344678864522
56 4 49.350086655112655 47.40996937447027
56 5 53.24956672443674 51.99997292696251
56 6 55.97920277296361 54.46630859265464
56 7 58.14558058925476 57.43500911727132
56 8 60.52859618717504 59.79258525706418
56 9 62.045060658578855 61.633138560644475
56 10 62.56499133448874 62.221840719781355
57 1 29.41941074523397 25.733309119391233
57 2 40.8578856152513 38.6833470353924
57 3 46.53379549393414 44.742552655101115
57 4 51.559792027729635 50.371955698056624
57 5 53.98613518197573 53.01786130221801
57 6 57.842287694974004 56.77436254024762
57 7 58.96880415944541 58.02700642721659
57 8 59.31542461005199 58.56084063140272
57 9 60.78856152512998 59.70914792887589
57 10 61.65511265164645 60.381440207260994
58 1 30.24263431542461 27.31773243361422
58 2 39.60138648180242 36.860842792545796
58 3 45.66724436741767 43.19039465177356
58 4 51.34315424610052 49.335748720689324
58 5 54.07279029462738 52.87286719823096
58 6 54.50606585788561 53.391526931870104
58 7 56.845753899480066 55.92208561587575
58 8 58.882149046793764 58.167502562968465
58 9 60.09532062391681 59.23618240804686
58 10 61.82842287694974 61.21681608284389
59 1 28.03292894280763 24.422822508042245
59 2 37.911611785095324 34.278006416187765
59 3 46.70710571923743 44.62249971784422
59 4 50.60658578856152 49.09268541928478
59 5 54.50606585788561 53.21253732473043
59 6 56.54246100519931 55.23267838749013
59 7 58.622183708838826 57.485262048192624
59 8 59.48873483535528 58.20276651562588
59 9 60.961871750433275 59.840156624520965
59 10 61.69844020797227 60.81984551283311
60 1 29.41941074523397 26.28146637656814
60 2 41.68110918544194 39.332604166130494
60 3 46.317157712305026 44.5359329355986
60 4 50.25996533795494 48.59437907631094
60 5 52.599653379549395 51.07022978092681
60 6 56.629116117850955 55.07810163497955
60 7 57.712305025996535 56.07775144276811
60 8 60.18197573656846 58.734117282615415
60 9 61.005199306759096 59.74187738943969
60 10 62.56499133448874 61.05643782568022
61 1 30.155979202772965 26.97480321950071
61 2 40.59792027729636 38.0542155998411
61 3 46.88041594454073 44.546549574428994
61 4 50.0 47.704760777942575
61 5 54.59272097053726 52.77070792916134
61 6 55.84922010398613 54.33231364388191
61 7 57.19237435008665 55.65160818499153
61 8 58.83882149046794 57.657858418138005
61 9 60.52859618717504 59.406136322661
61 10 61.741767764298096 60.75656512371235
62 1 29.636048526863085 26.90107432058724
62 2 40.46793760831889 38.56158891217997
62 3 45.8838821490468 44.19301691195567
62 4 50.86655112651647 49.76413046978632
62 5 52.33968804159446 51.12701950623539
62 6 54.20277296360485 52.72900146485314
62 7 57.019064124783355 56.0827243743513
62 8 58.665511265164646 57.43661981155409
62 9 59.92201039861352 58.789798486458686
62 10 60.70190641247834 59.46173882399386
63 1 30.89254766031196 27.472739445787468
63 2 38.95147313691508 36.230787964096905
63 3 47.61698440207972 45.646901818236245
63 4 52.729636048526864 50.845207427681295
63 5 54.8526863084922 53.39192149574386
63 6 56.41247833622184 54.77502524688471
63 7 59.1421143847487 57.32460330397618
63 8 59.05545927209705 57.65809746703026
63 9 61.65511265164645 60.55623777287552
63 10 61.30849220103987 59.856342611390275
64 1 31.06585788561525 27.93281523920086
64 2 42.244367417677644 40.13527714020172
64 3 48.613518197573654 47.249642263908555
64 4 52.16637781629117 50.6959471149201
64 5 54.54939341421144 53.051393789234645
64 6 56.54246100519931 55.091675702777984
64 7 58.015597920277294 56.890285437510755
64 8 60.13864818024264 59.150583509875034
64 9 61.43847487001734 60.436121789177335
64 10 62.43500866551126 61.54048629142841
65 1 29.506065857885616 26.88851446046916
65 2 40.68457538994801 38.168028861134495
65 3 46.447140381282495 44.38996510102257
65 4 50.99653379549394 49.54463985749422
65 5 53.682842287694974 52.63135591619337
65 6 56.23916811091855 55.06901486387032
65 7 58.23223570190641 56.95625899229558
65 8 59.57538994800693 58.10503456714957
65 9 62.175043327556324 60.9191967838137
65 10 63.128249566724435 62.006031533365345
66 1 28.596187175043326 24.24726388837167
66 2 40.72790294627383 38.19707625005371
66 3 47.530329289428074 45.86643408820429
66 4 50.25996533795494 49.136736580297736
66 5 53.29289428076257 51.66290865706107
66 6 54.63604852686309 52.89997435930837
66 7 56.02253032928943 54.5925393950236
66 8 57.755632582322356 56.40590168209862
66 9 59.1421143847487 57.7633233172038
66 10 60.61525129982669 59.159170289942345
67 1 28.596187175043326 25.03270004052915
67 2 39.51473136915078 37.02394168878964
67 3 47.61698440207972 45.12107676076994
67 4 51.25649913344888 49.05206446034402
67 5 55.32928942807626 53.22747583441975
67 6 56.41247833622184 55.25202532959458
67 7 58.708838821490474 57.195269359005216
67 8 60.4419410745234 59.62088044882478
67 9 61.22183708838822 60.195812333562685
67 10 62.391681109185434 61.03422676807919
68 1 30.285961871750434 26.892841735510885
68 2 39.948006932409015 37.93878316083628
68 3 48.613518197573654 47.03411777169213
68 4 51.81975736568457 50.420396182098045
68 5 55.32928942807626 54.4188877385193
68 6 57.06239168110918 55.97446622856892
68 7 59.61871750433275 58.75541416790887
68 8 60.61525129982669 59.70451130078509
68 9 60.52859618717504 60.04328928869717
68 10 61.56845753899481 61.107522988916465
69 1 31.152512998266896 27.439139620117693
69 2 40.294627383015595 37.26123543070958
69 3 45.66724436741767 43.3998527175602
69 4 51.03986135181976 49.13318091973608
69 5 52.85961871750433 51.51191306623193
69 6 55.02599653379549 53.73022659529199
69 7 57.712305025996535 56.24239880443812
69 8 59.01213171577123 57.864402069598384
69 9 60.70190641247834 59.73817781160338
69 10 61.871750433275565 60.88588805811192
70 1 30.89254766031196 26.864426764549897
70 2 40.77123050259965 38.55331302346912
70 3 48.1369150779896 46.587964696126534
70 4 51.689774696707104 50.180978526202125
70 5 54.41941074523397 53.35401526878725
70 6 56.02253032928943 54.97059100151503
70 7 57.49566724436742 56.72853245327627
70 8 58.96880415944541 58.49072897584624
70 9 60.78856152512998 60.173687854713066
70 10 61.39514731369151 60.743279516202264
71 1 29.289428076256502 26.18618972767342
71 2 39.51473136915078 36.49469432061841
71 3 44.45407279029463 41.702941788459086
71 4 50.34662045060658 48.466605496835925
71 5 51.776429809358746 49.93451956220799
71 6 54.59272097053726 52.63051654152292
71 7 55.719237435008665 54.26536995324662
71 8 58.015597920277294 56.562288293939034
71 9 58.622183708838826 57.36212232769735
71 10 60.00866551126517 58.922768564082986
72 1 30.502599653379548 27.25055356871
72 2 40.94454072790295 38.41424283464357
72 3 47.83362218370884 45.58383066105289
72 4 52.0363951473137 50.02526107087414
72 5 54.24610051993067 52.565800087386904
72 6 56.41247833622184 54.53206241327352
72 7 57.32235701906413 55.970251687836814
72 8 60.57192374350087 59.436936268187154
72 9 61.61178509532063 60.30960161236044
72 10 61.95840554592721 60.82339341958702
73 1 29.766031195840554 25.864787458107667
73 2 40.33795493934142 37.036081653282054
73 3 46.49046793760832 44.49846959847238
73 4 50.30329289428076 48.062372120052544
73 5 52.642980935875215 50.65095471913808
73 6 55.719237435008665 54.55934305839894
73 7 57.62564991334489 56.523043770219914
73 8 59.18544194107452 57.85718499604782
73 9 60.05199306759099 58.638931696498176
73 10 60.39861351819758 58.984411186508055
74 1 28.07625649913345 24.677469193121453
74 2 40.077989601386484 37.10629434592853
74 3 45.66724436741767 43.353672272596704
74 4 48.52686308492201 46.680901211867976
74 5 51.12651646447141 49.74500871811376
74 6 54.76603119584056 53.44476212870807
74 7 57.23570190641247 56.36557722110034
74 8 58.795493934142115 58.05238170738687
74 9 59.92201039861352 59.18054500625411
74 10 61.741767764298096 61.00559283157987
75 1 28.682842287694974 25.68177494461514
75 2 37.8682842287695 35.27086961907412
75 3 48.96013864818024 46.33783705484398
75 4 50.86655112651647 49.240211753291355
75 5 53.7261698440208 51.80997920813986
75 6 55.892547660311955 54.06212868667784
75 7 58.44887348353552 57.036171696256346
75 8 59.35875216637781 58.40251001878723
75 9 60.31195840554593 59.35628187067281
75 10 61.56845753899481 60.19761109322499
76 1 31.715771230502597 29.168521582561656
76 2 42.59098786828423 40.13459623608966
76 3 47.96360485268631 46.16121151679924
76 4 52.556325823223574 50.92965109986566
76 5 55.19930675909879 54.060957647364575
76 6 57.4523396880416 55.77123432216292
76 7 59.57538994800693 58.28963379313922
76 8 60.52859618717504 59.02838280618501
76 9 61.135181975736565 59.62181459092217
76 10 63.56152512998266 62.31831600408611
77 1 30.63258232235702 26.86367066634331
77 2 41.161178509532064 38.65007582134647
77 3 46.66377816291161 44.891093529967456
77 4 50.90987868284229 49.01921094585275
77 5 52.9896013864818 51.78708521374637
77 6 55.45927209705373 54.35283629986587
77 7 57.62564991334489 56.738894271810956
77 8 59.27209705372617 58.395300485174594
77 9 61.48180242634316 60.77963299598292
77 10 62.001733102253034 61.25832403681141
78 1 29.07279029462738 25.880469049583184
78 2 41.161178509532064 38.75139317842087
78 3 46.577123050259964 44.39124853003191
78 4 50.60658578856152 48.79047091162676
78 5 54.15944540727903 52.55699975296408
78 6 56.54246100519931 55.03579359464168
78 7 57.712305025996535 56.403611163989645
78 8 59.18544194107452 58.0613112667216
78 9 59.27209705372617 58.304503690629375
78 10 61.005199306759096 60.30244691085439
79 1 29.41941074523397 25.781114641922237
79 2 40.77123050259965 37.98896980245026
79 3 47.443674176776426 45.315093114782414
79 4 50.649913344887345 48.628191004575726
79 5 54.24610051993067 52.60382799799251
79 6 55.67590987868284 54.614417946993896
79 7 57.97227036395147 57.16875665464492
79 8 58.10225303292894 56.91165098140758
79 9 59.96533795493934 58.94669281362427
79 10 61.43847487001734 60.58921162602097
80 1 28.682842287694974 25.51912915374067
80 2 39.081455805892546 36.205147450018195
80 3 45.97053726169844 43.84818849617206
80 4 50.34662045060658 48.58144168502736
80 5 54.50606585788561 53.38183213270264
80 6 56.629116117850955 55.73582615670934
80 7 57.885615251299825 57.202653581047095
80 8 58.882149046793764 57.80712370770317
80 9 60.961871750433275 59.94754594283266
80 10 60.70190641247834 60.10901984203094
81 1 27.642980935875215 24.371824086096623
81 2 36.95840554592721 34.310695135913285
81 3 44.75736568457539 42.24380802238369
81 4 48.1369150779896 46.211311041693385
81 5 52.556325823223574 50.91914437383508
81 6 54.07279029462738 52.20857179475653
81 7 55.93587521663779 54.28062560154334
81 8 55.67590987868284 54.37142932911896
81 9 58.10225303292894 56.70565079336964
81 10 59.8786828422877 58.666740522572724
82 1 30.502599653379548 27.133513933412246
82 2 39.77469670710572 37.176747613829455
82 3 46.75043327556326 44.18494432160014
82 4 50.90987868284229 48.73336737826863
82 5 53.552859618717505 51.830544298223266
82 6 55.02599653379549 53.08146587514763
82 7 57.019064124783355 55.2492852948272
82 8 59.7053726169844 58.35365413881688
82 9 60.91854419410745 59.58335342633874
82 10 61.69844020797227 60.40170147595997
83 1 31.195840554592717 28.19881508963309
83 2 41.89774696707106 40.29069365593307
83 3 48.22357019064125 46.06572154401131
83 4 50.34662045060658 48.39784075094262
83 5 54.59272097053726 52.83199079106342
83 6 54.76603119584056 53.20581056392304
83 7 57.149046793760824 55.930732150495956
83 8 59.7053726169844 58.74878691646267
83 9 62.045060658578855 61.002289932237595
83 10 61.871750433275565 60.78373542093446
84 1 30.459272097053724 26.27741782028792
84 2 41.37781629116118 38.69417136390852
84 3 47.66031195840554 45.664781424086854
84 4 51.776429809358746 49.89801620501572
84 5 53.16291161178509 51.43074551580631
84 6 56.45580589254766 55.272044441852685
84 7 56.629116117850955 55.35401491710782
84 8 58.188908145580584 57.155546892238576
84 9 59.1421143847487 58.22518856341489
84 10 60.52859618717504 59.82948725776331
85 1 28.856152512998268 25.090993372913537
85 2 39.51473136915078 36.57781581383025
85 3 48.396880415944544 45.860453053088186
85 4 51.429809358752166 49.87404764816552
85 5 55.15597920277296 53.71526473477973
85 6 57.40901213171578 56.365074871831155
85 7 59.48873483535528 58.22836216224243
85 8 60.57192374350087 59.19987882150415
85 9 62.69497400346621 61.488617281913946
85 10 62.30502599653379 61.316590751174616
86 1 29.98266897746967 26.710056242558995
86 2 40.8578856152513 37.64902068516835
86 3 48.00693240901213 46.126967426662404
86 4 51.47313691507799 49.962971303776776
86 5 53.16291161178509 51.48002119900206
86 6 56.759098786828424 55.391614463997776
86 7 58.27556325823223 56.823608139073215
86 8 59.92201039861352 58.42017550886302
86 9 61.30849220103987 60.04129471408288
86 10 62.218370883882145 61.10617570254108
87 1 28.812824956672443 24.857498610363393
87 2 41.117850953206236 39.060580158347236
87 3 46.53379549393414 44.66918457170874
87 4 48.48353552859619 46.60443763441456
87 5 53.336221837088395 52.20235594901328
87 6 55.45927209705373 53.9256235669051
87 7 56.932409012131714 55.55962689592937
87 8 58.49220103986135 57.17206132133773
87 9 59.48873483535528 58.329256601356235
87 10 61.48180242634316 60.55131679789515
88 1 29.159445407279026 25.632902318597957
88 2 38.73483535528596 36.15451559682123
88 3 45.84055459272097 43.56601912660696
88 4 50.43327556325823 48.77814863197324
88 5 53.24956672443674 51.9117902225518
88 6 56.10918544194108 54.93124351307841
88 7 57.23570190641247 56.08645403440774
88 8 57.712305025996535 56.656608743702044
88 9 58.83882149046794 57.434055593058886
88 10 61.048526863084916 59.64321335656957
89 1 30.805892547660314 27.155009087267416
89 2 39.51473136915078 36.66848963832152
89 3 46.49046793760832 44.35845464063286
89 4 49.523396880415945 47.53487131479453
89 5 53.76949740034662 51.9682615967784
89 6 55.02599653379549 53.94317948576949
89 7 56.10918544194108 54.6440811706921
89 8 57.755632582322356 56.61284315432476
89 9 59.05545927209705 57.974168534138784
89 10 61.09185441941074 59.91335754067501
90 1 29.376083188908147 26.494962279569357
90 2 42.93760831889081 41.070148723477125
90 3 49.00346620450606 47.52590745738293
90 4 51.689774696707104 50.26187986035329
90 5 54.80935875216638 53.680964838081344
90 6 56.672443674176776 55.27971095814442
90 7 57.668977469670715 56.42513192366738
90 8 59.1421143847487 58.15237412377541
90 9 61.178509532062385 59.94618850703763
90 10 60.87521663778163 59.93441566837474
91 1 31.152512998266896 28.43978554852881
91 2 39.081455805892546 36.86857728893955
91 3 47.227036395147316 45.05525890648866
91 4 52.33968804159446 50.729908362051276
91 5 54.15944540727903 52.63987419210143
91 6 56.10918544194108 55.150890775015924
91 7 58.4055459272097 57.88142432379016
91 8 58.665511265164646 57.67023067662781
91 9 60.18197573656846 59.252111738252935
91 10 61.005199306759096 59.88183804582113
92 1 29.809358752166375 26.77584965264851
92 2 40.20797227036395 37.992069842801385
92 3 47.487001733102254 45.561646941813436
92 4 51.08318890814558 49.350746446208895
92 5 53.639514731369154 52.24875694717412
92 6 55.37261698440208 54.08953013009291
92 7 58.36221837088388 56.66826048449437
92 8 59.79202772963605 58.4323445559685
92 9 60.74523396880416 59.589445611816416
92 10 61.35181975736569 60.141043397702
93 1 29.332755632582323 26.260976960092712
93 2 40.03466204506066 37.969076543427605
93 3 47.83362218370884 45.82072311201691
93 4 52.686308492201036 50.88985315920611
93 5 54.76603119584056 52.93233162214609
93 6 56.672443674176776 54.99039701917542
93 7 57.798960138648184 56.10223232931409
93 8 58.31889081455805 56.555178306819855
93 9 60.831889081455806 59.57533130660618
93 10 61.43847487001734 60.15930327150018
94 1 28.942807625649912 25.96188938365168
94 2 41.24783362218371 39.029274615182814
94 3 45.320623916811094 43.22807943447461
94 4 50.0 48.261926900331105
94 5 52.816291161178505 50.7601521952477
94 6 54.722703639514734 52.7675215821295
94 7 57.06239168110918 55.582294516498166
94 8 58.83882149046794 57.54861939406584
94 9 60.13864818024264 58.92710411433036
94 10 61.26516464471404 60.14750202588156
95 1 30.935875216637783 28.406285877513916
95 2 42.89428076256499 40.58928727497832
95 3 48.83015597920277 47.60139695342208
95 4 53.379549393414216 52.40877321290051
95 5 55.80589254766031 54.91241518122831
95 6 57.4523396880416 56.47989080778027
95 7 59.1421143847487 58.34982262230927
95 8 61.61178509532063 60.997321598058164
95 9 62.088388214904676 61.22379528873702
95 10 62.8682842287695 61.84049015009182
96 1 29.376083188908147 26.6247138965009
96 2 41.204506065857885 39.35577123370393
96 3 44.84402079722704 42.90500963903822
96 4 49.610051993067586 47.222019595384126
96 5 52.85961871750433 50.851678906239385
96 6 53.98613518197573 51.946270044391994
96 7 56.802426343154245 55.15628367175598
96 8 58.882149046793764 57.17099743529691
96 9 59.66204506065858 57.78392741805224
96 10 61.048526863084916 59.22221510308693
97 1 29.462738301559792 25.582201617986613
97 2 43.2842287694974 40.54512480926232
97 3 48.87348353552859 46.67121601753366
97 4 53.336221837088395 51.257413358679436
97 5 53.94280762564991 52.33121122154783
97 6 56.23916811091855 54.46048699961948
97 7 57.149046793760824 55.750029714994064
97 8 60.48526863084922 59.08831331231745
97 9 60.39861351819758 58.92539235810048
97 10 61.52512998266898 60.18724573508486
98 1 30.24263431542461 26.61325575586519
98 2 40.424610051993064 37.88980942869399
98 3 45.58058925476603 43.23713460018884
98 4 51.16984402079723 48.85282156068233
98 5 55.02599653379549 53.248899659000195
98 6 57.19237435008665 55.65032068236449
98 7 58.752166377816295 57.05344721167496
98 8 59.96533795493934 58.15274254025448
98 9 62.045060658578855 60.46822150434766
98 10 62.781629116117855 61.40898176833225
99 1 27.642980935875215 23.969508480968365
99 2 39.90467937608319 37.333269446657404
99 3 44.150779896013866 41.472510537006634
99 4 50.60658578856152 48.68488565466077
99 5 53.76949740034662 52.008543090673435
99 6 57.23570190641247 55.671259309077236
99 7 57.4523396880416 55.69454804858036
99 8 58.665511265164646 57.35198145382518
99 9 60.05199306759099 58.92343982797637
99 10 60.78856152512998 59.39306426655276
