0 1 27.772963604852684 25.857283930811413
0 2 38.128249566724435 37.54710058863856
0 3 43.977469670710576 44.10250577665025
0 4 48.440207972270365 48.495245099573985
0 5 51.21317157712305 51.36315402080223
0 6 53.94280762564991 54.15650109021626
0 7 56.41247833622184 56.69455003861722
0 8 57.4523396880416 57.43360844303961
0 9 58.49220103986135 58.49870398548268
0 10 60.13864818024264 60.33873728888366
1 1 26.603119584055456 24.79900636741158
1 2 37.8682842287695 37.73979478180538
1 3 45.233968804159446 45.12757169368984
1 4 47.74696707105719 47.77118380824764
1 5 51.2998266897747 51.35513277850532
1 6 52.642980935875215 53.2287134650539
1 7 53.552859618717505 53.93219832310023
1 8 55.589254766031196 55.80175037530295
1 9 57.4523396880416 57.704887219586276
1 10 58.665511265164646 58.949181148614336
2 1 26.733102253032932 25.205290243299892
2 2 40.46793760831889 40.08185165886896
2 3 46.92374350086655 46.98184497214095
2 4 50.43327556325823 50.738747885419585
2 5 54.07279029462738 54.16207766810213
2 6 56.23916811091855 56.271972790126455
2 7 57.105719237435004 57.31240259635406
2 8 58.015597920277294 58.152950714469
2 9 58.665511265164646 58.918063988529
2 10 59.1421143847487 59.43541275517329
3 1 26.90641247833622 25.216663383177927
3 2 37.65164644714038 36.060775021188746
3 3 43.84748700173311 42.974132392477884
3 4 50.30329289428076 49.81636598487738
3 5 52.9896013864818 53.17274573972004
3 6 54.59272097053726 54.78193432594837
3 7 56.23916811091855 56.444996173049375
3 8 56.54246100519931 56.98327253304036
3 9 57.798960138648184 58.15701169886663
3 10 58.882149046793764 59.300925480230795
4 1 27.81629116117851 25.61999757788243
4 2 41.161178509532064 40.67333054191876
4 3 45.75389948006933 45.500391800441534
4 4 49.04679376083189 49.178142817433695
4 5 51.08318890814558 51.5037090582933
4 6 52.772963604852684 53.03760848969566
4 7 55.589254766031196 55.92334812241408
4 8 56.672443674176776 57.033929728525976
4 9 58.96880415944541 59.29209047579745
4 10 59.61871750433275 59.76112712538203
5 1 27.4263431542461 26.049387551060555
5 2 40.64124783362219 39.820934888230866
5 3 45.493934142114384 45.237762038930455
5 4 49.523396880415945 49.518729694570986
5 5 52.0363951473137 52.20828962356418
5 6 53.11958405545927 53.381239153307
5 7 53.98613518197573 54.251978006876364
5 8 56.28249566724437 56.60410478650736
5 9 57.27902946273831 57.700932856831734
5 10 59.35875216637781 59.7350666834426
6 1 27.902946273830153 26.443085670177897
6 2 38.56152512998267 37.67204478933387
6 3 45.363951473136915 45.249851876362406
6 4 47.83362218370884 47.65037224136828
6 5 52.599653379549395 52.41581081174813
6 6 54.02946273830156 53.96215583448834
6 7 56.499133448873486 56.54460690892174
6 8 56.672443674176776 56.81564038379969
6 9 57.712305025996535 58.021099998845294
6 10 58.36221837088388 58.62949027247052
7 1 28.769497400346623 26.928134394035467
7 2 40.8578856152513 39.65190490636998
7 3 46.18717504332756 45.536828729768175
7 4 49.436741767764296 49.48423048234122
7 5 53.379549393414216 53.33567117147571
7 6 56.10918544194108 56.239072241682294
7 7 56.629116117850955 56.90069720179953
7 8 58.53552859618717 58.92269196561672
7 9 59.35875216637781 59.570427636940934
7 10 59.01213171577123 59.25670804221127
8 1 27.55632582322357 26.043834955675948
8 2 38.47487001733102 37.47763885447763
8 3 45.84055459272097 45.26908785593628
8 4 48.83015597920277 48.48856525383671
8 5 52.90294627383015 52.69518739769637
8 6 54.89601386481803 54.82593596112139
8 7 55.719237435008665 55.761648868532276
8 8 57.19237435008665 57.47000229891776
8 9 58.4055459272097 58.70039948525171
8 10 59.66204506065858 60.045468806737404
9 1 29.20277296360485 27.061166303857963
9 2 39.948006932409015 39.44120328312596
9 3 46.317157712305026 45.773073733756064
9 4 51.03986135181976 51.135467128523835
9 5 53.29289428076257 53.81089492409459
9 6 55.02599653379549 55.21531287549754
9 7 56.932409012131714 57.07551683324441
9 8 57.92894280762565 58.26713532576054
9 9 59.44540727902946 59.661678118481746
9 10 59.53206239168111 59.71126068819075
10 1 29.809358752166375 28.25667993157463
10 2 38.69150779896014 37.950211720325804
10 3 46.49046793760832 45.86642948592117
10 4 50.649913344887345 50.354656016234735
10 5 51.81975736568457 51.35206066092478
10 6 54.722703639514734 54.31829689930899
10 7 57.36568457538995 57.2571580585247
10 8 57.582322357019066 57.583072946323014
10 9 59.79202772963605 59.79674095272745
10 10 61.09185441941074 61.18354165329474
11 1 26.256499133448873 24.357815357852058
11 2 36.3951473136915 35.172990607911316
11 3 44.410745233968804 43.655614227799475
11 4 48.52686308492201 48.06242298976103
11 5 50.519930675909876 50.211854391712386
11 6 53.29289428076257 53.129130738531046
11 7 53.98613518197573 53.95004706701228
11 8 56.7157712305026 56.64037481343205
11 9 57.668977469670715 57.669265766681285
11 10 58.83882149046794 58.79795872259069
12 1 27.4263431542461 25.884225593424993
12 2 38.73483535528596 37.918141629773444
12 3 44.62738301559792 44.14227697606794
12 4 49.30675909878683 48.96660744128285
12 5 52.296360485268636 52.062115401761034
12 6 54.63604852686309 54.6270704486447
12 7 55.63258232235702 55.543527614273
12 8 57.019064124783355 56.975604280782164
12 9 58.96880415944541 59.11855897979182
12 10 59.57538994800693 59.70480343507627
13 1 27.16637781629116 25.18750404456469
13 2 37.43500866551127 36.61204061346808
13 3 45.277296360485266 45.38743877706017
13 4 50.43327556325823 50.57840546720643
13 5 53.639514731369154 53.66065775156928
13 6 55.67590987868284 56.01695516738901
13 7 57.06239168110918 57.26702729910965
13 8 58.49220103986135 58.763852422249855
13 9 59.01213171577123 59.33579900471159
13 10 59.53206239168111 59.996625405341575
14 1 29.93934142114385 27.727284972550688
14 2 40.164644714038126 39.24884601450742
14 3 45.84055459272097 45.854373589648056
14 4 49.436741767764296 49.48661800738209
14 5 51.51646447140381 51.77535967464393
14 6 53.552859618717505 53.64684814032601
14 7 54.80935875216638 54.92974561423543
14 8 56.41247833622184 56.81746906038357
14 9 57.97227036395147 58.27057512263543
14 10 59.96533795493934 60.217519288825564
15 1 27.642980935875215 25.817788184178553
15 2 38.73483535528596 38.14251877849729
15 3 45.190641247833625 45.34639921388411
15 4 49.82668977469671 50.25497573193354
15 5 53.379549393414216 53.70351126389161
15 6 55.54592720970537 55.80545371420047
15 7 56.06585788561526 56.2785224984527
15 8 58.14558058925476 58.28659295015828
15 9 58.752166377816295 59.11279743469316
15 10 60.09532062391681 60.34445854505367
16 1 28.20623916811092 26.211823369785826
16 2 38.30155979202773 38.02543192139488
16 3 45.537261698440204 45.86978159509146
16 4 50.17331022530329 50.294264042046024
16 5 52.33968804159446 52.51087708871711
16 6 54.50606585788561 54.71562188151351
16 7 56.1525129982669 56.46870494969431
16 8 57.019064124783355 57.31366292339277
16 9 58.53552859618717 58.94489023120054
16 10 58.4055459272097 58.67331581348662
17 1 26.559792027729635 23.64064924306286
17 2 37.65164644714038 36.97940104592904
17 3 44.45407279029463 44.06526067801358
17 4 48.87348353552859 49.035107568450684
17 5 52.25303292894281 52.30308486541737
17 6 55.02599653379549 55.246094983974146
17 7 57.40901213171578 57.27151079562911
17 8 57.97227036395147 57.841313450855466
17 9 58.96880415944541 58.88608994429618
17 10 59.92201039861352 60.03665211319634
18 1 28.596187175043326 25.825384150309493
18 2 39.948006932409015 38.96359234771268
18 3 47.183708838821495 47.54545534038184
18 4 51.16984402079723 51.39186978389939
18 5 53.682842287694974 53.862494497267335
18 6 56.1525129982669 56.29419326682733
18 7 57.92894280762565 58.14976784981379
18 8 58.27556325823223 58.64540201249524
18 9 59.31542461005199 59.46624890931819
18 10 60.09532062391681 60.3164367315295
19 1 26.343154246100518 24.746196159559734
19 2 36.61178509532063 35.825254125946614
19 3 43.76083188908146 43.52199085030051
19 4 47.183708838821495 46.833859204125304
19 5 50.21663778162912 50.31390720278469
19 6 51.81975736568457 52.14521290619526
19 7 54.50606585788561 54.70335579417487
19 8 57.06239168110918 57.32895244945243
19 9 57.712305025996535 57.944949128989656
19 10 58.53552859618717 58.88898778983228
20 1 26.646447140381284 25.042506224558952
20 2 37.65164644714038 36.589606522913854
20 3 45.8838821490468 45.47376396826439
20 4 49.04679376083189 49.03235412156738
20 5 51.863084922010394 52.11093451752271
20 6 54.8526863084922 54.933293142610054
20 7 56.10918544194108 56.22240135732282
20 8 56.7157712305026 57.10721501701864
20 9 58.31889081455805 58.792478634664505
20 10 58.622183708838826 59.04439702462654
21 1 27.469670710571926 25.839677022029395
21 2 38.21490467937608 37.5120797104226
21 3 44.280762564991335 43.8959156698824
21 4 49.74003466204506 49.51288483708571
21 5 52.20970537261699 52.294300235141776
21 6 55.45927209705373 55.69413652840408
21 7 58.14558058925476 58.39891277626524
21 8 58.925476603119584 59.402345241508584
21 9 59.27209705372617 59.759710315286654
21 10 59.57538994800693 60.075986213060816
22 1 28.422876949740033 26.58646613940289
22 2 37.8682842287695 38.054232734922365
22 3 44.71403812824957 44.98814271915775
22 4 49.26343154246101 49.24650286797926
22 5 51.429809358752166 51.61089892371752
22 6 54.20277296360485 54.514074899967824
22 7 55.63258232235702 55.96433465374032
22 8 56.672443674176776 57.127902892716385
22 9 58.665511265164646 59.31283029654786
22 10 59.74870017331022 60.25611475131629
23 1 28.899480069324092 27.031582684581366
23 2 40.94454072790295 40.31131451251059
23 3 47.96360485268631 47.47072430936203
23 4 49.91334488734835 49.79868241623062
23 5 53.16291161178509 53.16767879509352
23 6 54.8526863084922 54.662388196274684
23 7 56.802426343154245 56.97267685054664
23 8 57.40901213171578 57.48996538440978
23 9 58.795493934142115 58.94980056723277
23 10 59.44540727902946 59.73744791986553
24 1 27.29636048526863 24.210466714293467
24 2 39.51473136915078 38.45767799494603
24 3 45.537261698440204 44.81307855606053
24 4 49.74003466204506 49.44828818869114
24 5 51.689774696707104 51.608730641148796
24 6 54.37608318890814 54.304187927594114
24 7 55.762564991334486 55.62926197350107
24 8 57.62564991334489 57.544114890301614
24 9 59.44540727902946 59.35502504627554
24 10 60.78856152512998 60.766423895358116
25 1 28.249566724436743 26.600432090417055
25 2 38.38821490467937 37.8053056167288
25 3 45.01733102253033 45.274582955259355
25 4 50.519930675909876 50.59564478751153
25 5 53.59618717504333 53.93763727649561
25 6 55.762564991334486 55.90993095243515
25 7 55.93587521663779 56.11418548682905
25 8 57.842287694974004 58.03051272596278
25 9 59.48873483535528 59.684045910971065
25 10 60.35528596187175 60.637572889401305
26 1 28.422876949740033 26.547850624642134
26 2 40.03466204506066 38.96046954462726
26 3 45.10398613518198 44.35832412591391
26 4 47.79029462738302 47.53609058763897
26 5 51.03986135181976 51.233880993946116
26 6 54.50606585788561 54.8786950229198
26 7 56.499133448873486 56.68865857620712
26 8 58.015597920277294 58.147329044118315
26 9 58.44887348353552 58.82421826515065
26 10 59.57538994800693 60.09011135766137
27 1 29.02946273830156 27.27468676680087
27 2 40.077989601386484 39.08106032193318
27 3 46.49046793760832 45.97608775568065
27 4 48.7001733102253 48.47659359408329
27 5 52.16637781629117 52.16412344132556
27 6 54.46273830155979 54.47453547251537
27 7 56.28249566724437 56.50717506099814
27 8 57.23570190641247 57.26760882281259
27 9 58.708838821490474 58.669400516244586
27 10 59.79202772963605 59.923244125088104
28 1 26.8630849220104 24.980955852134663
28 2 37.39168110918544 36.36924844728155
28 3 42.98093587521664 42.64425800805468
28 4 47.0103986135182 47.19948741304361
28 5 49.653379549393414 50.14523995836807
28 6 52.0363951473137 52.52124579022569
28 7 53.7261698440208 54.19848267634808
28 8 55.45927209705373 56.03973450485669
28 9 57.40901213171578 57.78811850456953
28 10 57.668977469670715 57.80969476396849
29 1 28.986135181975737 27.094947057254377
29 2 42.07105719237435 41.73509486774748
29 3 47.443674176776426 47.41767112641678
29 4 52.469670710571926 52.76722394548404
29 5 53.94280762564991 54.21644247073453
29 6 56.932409012131714 57.32003822214951
29 7 57.62564991334489 58.10994181145431
29 8 58.10225303292894 58.457230625250325
29 9 58.752166377816295 59.12017121221438
29 10 60.13864818024264 60.64424758702641
30 1 25.563258232235704 23.741767673143606
30 2 35.65857885615251 35.149544064504965
30 3 43.11091854419411 43.04809608491391
30 4 47.573656845753895 47.79410215491516
30 5 50.12998266897747 50.431738109960214
30 6 53.379549393414216 53.48447035825067
30 7 55.892547660311955 55.85477500160434
30 8 56.45580589254766 56.53418582700508
30 9 57.798960138648184 57.9678886166368
30 10 57.538994800693246 57.62168766918441
31 1 26.689774696707108 25.054512585693324
31 2 36.04852686308492 35.8641893429997
31 3 45.10398613518198 45.46428070371507
31 4 48.26689774696707 48.2907900315337
31 5 51.863084922010394 52.01636866311197
31 6 54.15944540727903 54.03594786952806
31 7 55.4159445407279 55.78642428262462
31 8 57.105719237435004 57.33870222483519
31 9 59.35875216637781 59.71401355534615
31 10 59.8786828422877 60.03733012670309
32 1 28.509532062391678 26.8830997408975
32 2 38.38821490467937 38.08076837403388
32 3 43.71750433275563 43.58775423507121
32 4 49.523396880415945 49.50246237090863
32 5 51.34315424610052 51.48843434607758
32 6 54.54939341421144 54.37312333935317
32 7 55.37261698440208 55.07014979623165
32 8 55.93587521663779 55.75104116271201
32 9 58.05892547660312 58.11357588115713
32 10 59.05545927209705 59.19897263369197
33 1 29.02946273830156 26.790564198726273
33 2 38.51819757365685 38.01243755173645
33 3 45.363951473136915 45.018940072833146
33 4 48.396880415944544 48.655890763545024
33 5 50.43327556325823 50.487957096727634
33 6 53.89948006932409 54.01278631561103
33 7 54.20277296360485 54.04128090430795
33 8 56.845753899480066 56.90842819414434
33 9 57.4523396880416 57.27821996759268
33 10 57.842287694974004 57.84173068649231
34 1 27.989601386481805 26.822977475545294
34 2 37.82495667244367 36.85868645248462
34 3 43.45753899480069 43.401969592017956
34 4 47.443674176776426 47.470199770372105
34 5 51.99306759098788 52.29315111938686
34 6 54.07279029462738 54.47872944614724
34 7 56.45580589254766 56.892646510713575
34 8 56.672443674176776 56.813288081925336
34 9 58.578856152513005 58.89485532968769
34 10 59.96533795493934 60.3274128043778
35 1 30.415944540727903 28.10750679846143
35 2 40.8578856152513 39.91187015641347
35 3 44.93067590987868 44.05104810204052
35 4 49.04679376083189 48.88743854769629
35 5 51.863084922010394 52.10752629615749
35 6 54.46273830155979 54.88394123264024
35 7 55.589254766031196 55.82778828120226
35 8 57.23570190641247 57.775874987060504
35 9 57.712305025996535 58.078490908883175
35 10 59.40207972270364 59.88272137774507
36 1 29.896013864818023 28.38400589422217
36 2 39.38474870017331 38.860585529494735
36 3 45.92720970537262 45.71022464142422
36 4 50.38994800693241 50.42228868014729
36 5 53.422876949740036 53.34368941021296
36 6 55.28596187175043 55.23731447718651
36 7 57.36568457538995 57.217630742458766
36 8 59.48873483535528 59.38174863249846
36 9 59.92201039861352 59.91394354826623
36 10 61.69844020797227 61.53223660262913
37 1 28.596187175043326 27.451167056140925
37 2 38.084922010398614 37.48352715767822
37 3 43.80415944540728 43.37092815201514
37 4 48.1369150779896 48.09576712381636
37 5 52.599653379549395 52.62340030088835
37 6 53.89948006932409 54.23192406601102
37 7 55.63258232235702 56.1673035185794
37 8 56.32582322357019 56.792762011137334
37 9 56.759098786828424 57.0158550224783
37 10 58.752166377816295 59.100373769036
38 1 26.559792027729635 24.524343966259973
38 2 38.04159445407279 37.288434475506264
38 3 43.154246100519934 43.33403062638179
38 4 47.61698440207972 47.76245644520087
38 5 51.03986135181976 51.28381887860475
38 6 54.2894280762565 54.546971863743785
38 7 56.499133448873486 57.051237657481124
38 8 57.582322357019066 57.95081817351851
38 9 58.83882149046794 59.044490988463735
38 10 59.74870017331022 60.03298474720249
39 1 26.646447140381284 23.623946927769552
39 2 37.47833622183709 36.57927111566924
39 3 44.280762564991335 43.9447818869471
39 4 47.487001733102254 47.190106741975384
39 5 50.86655112651647 50.83618777552108
39 6 54.67937608318891 54.677638151716735
39 7 56.845753899480066 56.81565760217255
39 8 57.4523396880416 57.28639085554582
39 9 58.882149046793764 58.69589879719015
39 10 60.05199306759099 59.960370944847305
40 1 29.376083188908147 26.457971886098036
40 2 40.20797227036395 38.830651574742994
40 3 46.317157712305026 46.00534412593305
40 4 50.08665511265165 50.057454434386074
40 5 52.20970537261699 52.17522953530944
40 6 53.336221837088395 53.62220500972544
40 7 55.97920277296361 56.151602029459205
40 8 57.40901213171578 57.45268090428775
40 9 58.36221837088388 58.465419355394744
40 10 59.44540727902946 59.644555884810366
41 1 26.16984402079723 24.219147764492632
41 2 37.34835355285962 37.15444740072239
41 3 44.10745233968804 44.29500389311382
41 4 49.13344887348354 49.30227843036289
41 5 52.296360485268636 52.51600983278135
41 6 53.76949740034662 54.11607437753473
41 7 56.10918544194108 56.12453317545889
41 8 57.06239168110918 57.11066961491124
41 9 57.668977469670715 57.70943042237939
41 10 57.668977469670715 57.89957322669637
42 1 27.642980935875215 26.04004811661021
42 2 41.46447140381282 41.23651055280826
42 3 47.09705372616985 46.90351987384106
42 4 51.34315424610052 52.071327095098056
42 5 53.639514731369154 54.151135109469905
42 6 53.856152512998264 54.46434480782848
42 7 55.63258232235702 56.07130793943651
42 8 57.06239168110918 57.48837765349506
42 9 58.882149046793764 59.184028738359764
42 10 59.79202772963605 60.28179368390617
43 1 26.689774696707108 24.52568380120752
43 2 38.47487001733102 37.26312421152104
43 3 45.01733102253033 44.43889419457462
43 4 49.393414211438476 49.08166350679822
43 5 51.906412478336215 51.598234611131545
43 6 54.37608318890814 54.358763117247314
43 7 56.41247833622184 56.73265847112293
43 8 58.015597920277294 58.30704030035335
43 9 59.1421143847487 59.34106952234372
43 10 59.83535528596187 60.154714994768014
44 1 29.159445407279026 26.975681920694726
44 2 40.55459272097054 39.837297941852206
44 3 45.66724436741767 45.288688143597426
44 4 50.17331022530329 50.27883338588827
44 5 52.729636048526864 53.09613574770267
44 6 53.94280762564991 54.3053186013764
44 7 55.28596187175043 55.66694004764348
44 8 56.759098786828424 56.94412714717215
44 9 57.62564991334489 57.59034291883165
44 10 58.4055459272097 58.385249371255945
45 1 26.473136915077987 25.644964249383655
45 2 36.43847487001733 36.24650476789675
45 3 42.93760831889081 42.537156049897206
45 4 46.49046793760832 46.19266726666905
45 5 50.69324090121318 50.789898912386796
45 6 53.422876949740036 53.57019825985251
45 7 55.67590987868284 55.91273938530239
45 8 57.885615251299825 58.207314726857874
45 9 58.36221837088388 58.782802062649374
45 10 59.66204506065858 59.954750111004415
46 1 27.4263431542461 25.55159132948079
46 2 36.30849220103986 35.772613142440406
46 3 44.410745233968804 44.02272824151453
46 4 48.26689774696707 48.242862349648775
46 5 52.25303292894281 52.14764687150615
46 6 55.4159445407279 55.4264341510391
46 7 56.629116117850955 56.58946960930443
46 8 57.105719237435004 57.08419037278638
46 9 58.49220103986135 58.73373249273235
46 10 59.31542461005199 59.63794864549602
47 1 27.642980935875215 25.936865070706517
47 2 39.38474870017331 38.32723264137806
47 3 47.183708838821495 46.227095678596655
47 4 49.78336221837088 49.09085496149561
47 5 53.07625649913344 52.51396245204047
47 6 53.89948006932409 53.467214725436875
47 7 54.46273830155979 54.46422435764243
47 8 56.36915077989602 56.52197597334978
47 9 57.06239168110918 57.4207015429867
47 10 58.05892547660312 58.50763141157481
48 1 27.03639514731369 25.896596099446175
48 2 36.78509532062392 36.334014897128256
48 3 42.50433275563258 42.06529674200007
48 4 47.09705372616985 46.91236799992682
48 5 50.21663778162912 50.127656166737744
48 6 53.59618717504333 53.717377463322535
48 7 54.02946273830156 54.1254024365828
48 8 56.10918544194108 56.24407988447555
48 9 57.4523396880416 57.67650505800178
48 10 59.05545927209705 59.259128549576964
49 1 31.022530329289427 29.61414030181065
49 2 40.251299826689774 39.82200293966333
49 3 47.09705372616985 46.84554812447866
49 4 51.429809358752166 51.38383247752228
49 5 53.89948006932409 54.06214002596572
49 6 54.8526863084922 55.0471963802307
49 7 56.499133448873486 56.518234413974966
49 8 58.44887348353552 58.690020627724074
49 9 59.8786828422877 59.98920477730342
49 10 60.61525129982669 60.7441253227517
50 1 27.81629116117851 26.30491161664289
50 2 37.3050259965338 37.016018982925395
50 3 44.71403812824957 44.884126992176824
50 4 47.61698440207972 47.73165254613559
50 5 50.77989601386482 50.96645601159867
50 6 53.509532062391685 54.073472789804896
50 7 54.63604852686309 55.21049745114801
50 8 56.19584055459272 56.56423283001249
50 9 57.27902946273831 57.63522206778073
50 10 58.10225303292894 58.65443633763148
51 1 28.509532062391678 26.444277936074066
51 2 37.56499133448873 36.41077393826363
51 3 44.93067590987868 44.317501997340344
51 4 49.17677642980936 48.914690989962935
51 5 52.772963604852684 52.59537074824955
51 6 55.28596187175043 55.335710731251744
51 7 55.84922010398613 55.57949492234711
51 8 56.58578856152513 56.22491325859914
51 9 58.27556325823223 58.19851995930362
51 10 59.44540727902946 59.52933043322488
52 1 26.429809358752166 24.027606561540978
52 2 37.60831889081456 36.68691269596879
52 3 43.02426343154246 42.994922018084864
52 4 48.48353552859619 48.527830382895566
52 5 52.12305025996534 51.938027530988606
52 6 54.98266897746967 54.91614705609232
52 7 57.23570190641247 57.048891914445306
52 8 57.62564991334489 57.64936046309285
52 9 58.31889081455805 58.44324301337396
52 10 59.57538994800693 59.69100153002942
53 1 27.859618717504333 25.670965615374218
53 2 39.34142114384749 38.907314878477834
53 3 45.537261698440204 46.10964848985702
53 4 49.78336221837088 50.40057924787891
53 5 51.2998266897747 51.639500147543124
53 6 53.89948006932409 54.35309229334596
53 7 54.50606585788561 54.838206304657746
53 8 55.762564991334486 56.234448313164656
53 9 57.755632582322356 58.14450516394247
53 10 59.40207972270364 59.84883337793646
54 1 27.123050259965336 24.93956682822067
54 2 39.86135181975737 39.83281056343098
54 3 45.7105719237435 46.00143211142407
54 4 50.38994800693241 50.28718643971817
54 5 52.946273830155974 53.10263306913626
54 6 54.98266897746967 55.16251812085372
54 7 56.45580589254766 56.60591396732963
54 8 58.14558058925476 58.60420875469349
54 9 58.83882149046794 59.32071872599002
54 10 60.05199306759099 60.320299755790586
55 1 29.02946273830156 26.848741888175535
55 2 38.56152512998267 37.43454328711711
55 3 45.10398613518198 44.982618733904715
55 4 49.436741767764296 49.6575871704152
55 5 53.03292894280762 53.38552891516554
55 6 54.93934142114385 55.285212429620955
55 7 56.759098786828424 57.156159879489266
55 8 57.40901213171578 57.62138589807768
55 9 58.752166377816295 58.93640642747881
55 10 60.65857885615251 60.93969989223144
56 1 28.03292894280763 26.224369839507872
56 2 39.124783362218366 38.69895540296088
56 3 45.45060658578856 45.75887552590328
56 4 48.91681109185442 48.952291138650615
56 5 51.21317157712305 51.183183942383046
56 6 53.336221837088395 53.185151360836514
56 7 56.499133448873486 56.44318189444013
56 8 58.53552859618717 58.569978381788154
56 9 58.708838821490474 58.89819581093222
56 10 60.4419410745234 60.63066941818212
57 1 28.336221837088388 26.98050760894215
57 2 37.8682842287695 37.476762582641534
57 3 43.977469670710576 43.7385861777846
57 4 49.436741767764296 49.352283215775884
57 5 52.12305025996534 52.39931217817711
57 6 53.89948006932409 54.1538004751308
57 7 56.19584055459272 56.44077792775194
57 8 57.149046793760824 57.63987915968299
57 9 57.27902946273831 57.71948367023493
57 10 59.27209705372617 59.72565639876577
58 1 29.116117850953206 27.182543646070727
58 2 37.60831889081456 37.440780934091414
58 3 45.58058925476603 45.70275276738877
58 4 49.69670710571924 49.94669861436502
58 5 52.686308492201036 52.63755860058086
58 6 54.20277296360485 54.497038546290376
58 7 56.28249566724437 56.58126423042739
58 8 57.92894280762565 58.234992953644316
58 9 57.92894280762565 58.2073140971572
58 10 59.18544194107452 59.50226200049183
59 1 25.953206239168107 24.25715077396248
59 2 37.954939341421145 37.11922684150363
59 3 45.493934142114384 45.1785525025323
59 4 50.47660311958405 50.39328926980839
59 5 52.85961871750433 52.68395469096222
59 6 54.98266897746967 54.905576550022175
59 7 57.23570190641247 57.19495549746657
59 8 58.27556325823223 58.28663984906729
59 9 58.4055459272097 58.491620413035974
59 10 60.05199306759099 60.04484898669098
60 1 28.292894280762564 26.684376691795414
60 2 38.47487001733102 37.50468840486295
60 3 45.233968804159446 44.673426861679275
60 4 47.70363951473137 47.53267554944538
60 5 50.34662045060658 50.7947321055537
60 6 52.642980935875215 52.862118451632014
60 7 55.50259965337955 55.95218394196464
60 8 57.62564991334489 57.99638864054649
60 9 58.665511265164646 58.955458120154134
60 10 60.39861351819758 60.67754995271895
61 1 28.07625649913345 26.738886263558076
61 2 39.47140381282496 38.369613196112766
61 3 46.53379549393414 46.63956697343469
61 4 49.30675909878683 49.46993460559446
61 5 51.603119584055456 52.15907559718662
61 6 53.7261698440208 54.13104473144064
61 7 55.93587521663779 56.43302240112567
61 8 57.36568457538995 57.869779352636584
61 9 58.665511265164646 59.20148971396867
61 10 58.83882149046794 59.33980821205351
62 1 29.116117850953206 26.875783331580973
62 2 40.59792027729636 40.143619817409835
62 3 45.92720970537262 46.01249195285787
62 4 49.653379549393414 49.440233327329295
62 5 52.9896013864818 52.95825720670996
62 6 55.63258232235702 55.60909605971142
62 7 57.019064124783355 57.038044776590354
62 8 58.31889081455805 58.43183277796014
62 9 59.09878682842288 59.38503633502401
62 10 59.53206239168111 59.74924186177238
63 1 26.776429809358753 25.586399065264054
63 2 36.48180242634315 36.07395844047217
63 3 44.80069324090121 44.82974039857569
63 4 49.610051993067586 49.907974617505964
63 5 52.20970537261699 52.30544289985774
63 6 53.98613518197573 54.4768211681357
63 7 55.67590987868284 55.99580596303247
63 8 57.582322357019066 57.891976085727556
63 9 58.27556325823223 58.44982017066391
63 10 59.61871750433275 59.72837485999023
64 1 28.162911611785095 26.616218219923958
64 2 38.30155979202773 37.80736563839626
64 3 44.93067590987868 45.07449787699253
64 4 48.91681109185442 49.34350188378309
64 5 52.07972270363952 52.52496156596904
64 6 53.24956672443674 53.32297245956133
64 7 55.15597920277296 55.253723806618915
64 8 56.19584055459272 56.46144263508569
64 9 56.932409012131714 57.390329840064645
64 10 59.44540727902946 59.64131829993822
65 1 25.909878682842287 24.81966628131608
65 2 39.73136915077989 39.281805776449815
65 3 46.10051993067591 45.829270178788306
65 4 49.82668977469671 49.77320579627144
65 5 52.642980935875215 52.783007653434936
65 6 53.509532062391685 53.905054373864935
65 7 55.54592720970537 55.85694236390864
65 8 57.798960138648184 58.22409311836982
65 9 58.4055459272097 59.01941564982487
65 10 59.66204506065858 60.35529902937831
66 1 27.079722703639515 24.678591164064645
66 2 37.43500866551127 36.79088943607374
66 3 44.5840554592721 44.800623372558505
66 4 49.09012131715772 49.36801378989355
66 5 50.86655112651647 51.190042396183664
66 6 52.512998266897746 52.76112233007848
66 7 54.80935875216638 55.25334068826974
66 8 55.32928942807626 55.64845078455104
66 9 57.06239168110918 57.69955160707057
66 10 57.582322357019066 58.146293776124416
67 1 26.256499133448873 24.844766362284833
67 2 38.30155979202773 37.87284894823492
67 3 45.493934142114384 45.065215606360255
67 4 49.610051993067586 49.92617413183506
67 5 53.16291161178509 53.36105591145516
67 6 55.19930675909879 55.59578598746877
67 7 56.58578856152513 56.8704614990826
67 8 58.10225303292894 58.42026668642616
67 9 58.795493934142115 58.99222221525954
67 10 59.8786828422877 60.15502027668316
68 1 28.249566724436743 26.695665526979084
68 2 37.954939341421145 38.09435256657623
68 3 45.66724436741767 45.51730749983483
68 4 49.04679376083189 49.390773038801925
68 5 51.99306759098788 52.522415948626346
68 6 55.06932409012132 55.384479406226625
68 7 56.23916811091855 56.61710260062141
68 8 57.538994800693246 57.83967615253688
68 9 59.83535528596187 60.160276105854734
68 10 59.79202772963605 60.39775451032339
69 1 28.07625649913345 26.026915578056432
69 2 38.6048526863085 37.592257248807584
69 3 44.06412478336222 43.54332017933193
69 4 48.52686308492201 48.6535923979678
69 5 51.64644714038128 51.95833345093581
69 6 53.03292894280762 53.44551345917649
69 7 54.59272097053726 54.94206558225092
69 8 56.06585788561526 56.371083843453626
69 9 57.582322357019066 57.93473280721002
69 10 59.01213171577123 59.33849206652404
70 1 29.41941074523397 27.24524217447042
70 2 39.38474870017331 38.6837868833792
70 3 45.75389948006933 45.254676867533654
70 4 50.04332755632582 49.982409995968084
70 5 52.426343154246105 52.72419404523513
70 6 53.76949740034662 53.79163160656708
70 7 55.11265164644714 55.14005616608334
70 8 55.762564991334486 56.10567476443138
70 9 57.582322357019066 58.07319750677997
70 10 59.27209705372617 59.608926123545814
71 1 27.68630849220104 25.350526630003568
71 2 37.1317157712305 36.75055513008941
71 3 42.80762564991335 42.4530310535376
71 4 47.96360485268631 47.70292131105076
71 5 50.69324090121318 50.74383291236892
71 6 52.426343154246105 52.0913225498284
71 7 54.8526863084922 54.82171973423441
71 8 56.41247833622184 56.62914585203714
71 9 56.02253032928943 56.570719391932435
71 10 56.28249566724437 56.809153462561504
72 1 29.332755632582323 27.15358934963852
72 2 39.38474870017331 38.94364109422335
72 3 45.92720970537262 45.44452544222562
72 4 50.12998266897747 49.73092108089804
72 5 53.466204506065864 52.98719266802772
72 6 55.06932409012132 54.8933356789184
72 7 56.41247833622184 56.421410026956664
72 8 57.712305025996535 57.74612940304426
72 9 59.35875216637781 59.693238849264716
72 10 59.61871750433275 59.99173921223172
73 1 27.902946273830153 25.23523947637159
73 2 39.081455805892546 37.49056755155471
73 3 44.75736568457539 44.00369362197665
73 4 48.18024263431543 48.07474862004736
73 5 50.08665511265165 50.40079712243526
73 6 53.466204506065864 53.96805351201483
73 7 54.8526863084922 55.37678676903931
73 8 56.802426343154245 57.12729399909349
73 9 58.23223570190641 58.49872235947075
73 10 59.44540727902946 59.69324643004435
74 1 27.03639514731369 25.176984995972852
74 2 38.69150779896014 38.551443319835556
74 3 43.45753899480069 43.138272832556716
74 4 47.357019064124785 47.407251782490015
74 5 51.34315424610052 51.77790711979641
74 6 53.98613518197573 54.21230723169845
74 7 55.97920277296361 56.25534617057253
74 8 57.798960138648184 58.119393505577996
74 9 58.36221837088388 58.525360255801886
74 10 59.35875216637781 59.57922166361405
75 1 26.51646447140381 24.677040217317515
75 2 37.39168110918544 36.25915687623395
75 3 43.84748700173311 43.74118496841099
75 4 48.18024263431543 48.163842718142405
75 5 51.776429809358746 52.00405105430993
75 6 52.426343154246105 52.80014852113021
75 7 55.93587521663779 56.45819983601301
75 8 56.23916811091855 56.62449174238981
75 9 57.4523396880416 57.98769348409275
75 10 58.44887348353552 58.92271791444708
76 1 31.28249566724437 30.2312196863801
76 2 41.94107452339688 41.29609060595362
76 3 47.530329289428074 46.74825352411227
76 4 51.16984402079723 51.02128462493661
76 5 52.772963604852684 52.94251528265105
76 6 55.50259965337955 55.6766183626611
76 7 57.885615251299825 58.16627753430041
76 8 58.83882149046794 59.11434796033952
76 9 60.70190641247834 61.19426411921629
76 10 62.56499133448874 62.88096214195967
77 1 29.376083188908147 27.04074110738971
77 2 40.64124783362219 39.90234189187573
77 3 46.23050259965338 46.051492852788726
77 4 49.09012131715772 48.63421103015778
77 5 52.0363951473137 52.26771705159242
77 6 53.336221837088395 53.4550894370291
77 7 55.762564991334486 55.89418477653352
77 8 57.19237435008665 57.34061522191082
77 9 58.188908145580584 58.49690793764631
77 10 59.05545927209705 59.20820512662359
78 1 27.642980935875215 26.31954838356284
78 2 37.73830155979203 37.53661590512017
78 3 44.06412478336222 44.362145009089545
78 4 47.66031195840554 47.90370608269821
78 5 50.47660311958405 50.49124312474058
78 6 52.469670710571926 52.4867593395118
78 7 54.33275563258232 54.43292875044185
78 8 56.10918544194108 56.271774101119085
78 9 56.759098786828424 57.11006741004252
78 10 58.05892547660312 58.454476258079815
79 1 28.249566724436743 26.111487825727437
79 2 38.30155979202773 37.2735429464463
79 3 46.18717504332756 45.85424293148679
79 4 48.87348353552859 48.9455335315186
79 5 52.556325823223574 52.428251913743516
79 6 54.07279029462738 53.878847365910545
79 7 55.19930675909879 55.124777670158224
79 8 57.27902946273831 57.43350985367229
79 9 58.622183708838826 59.02641358765569
79 10 59.96533795493934 60.32842527287783
80 1 27.4263431542461 26.09813063669649
80 2 38.64818024263432 37.386795832107396
80 3 43.71750433275563 43.43622391979889
80 4 50.5632582322357 50.46253192941869
80 5 52.599653379549395 52.64972473221668
80 6 55.15597920277296 55.23145731318591
80 7 56.23916811091855 56.54623118017784
80 8 57.92894280762565 58.16116430821188
80 9 59.74870017331022 60.08977744295604
80 10 59.92201039861352 60.157064086961206
81 1 26.776429809358753 25.16314710565114
81 2 36.69844020797227 35.81808993319571
81 3 44.67071057192374 44.414728987485475
81 4 47.92027729636049 48.00801787879862
81 5 51.863084922010394 52.08924428051982
81 6 53.682842287694974 53.55717821363872
81 7 54.67937608318891 54.57357427781091
81 8 56.975736568457535 56.842675492121074
81 9 57.668977469670715 57.670669852723336
81 10 58.4055459272097 58.50032238394587
82 1 29.289428076256502 27.240186828378242
82 2 38.43154246100519 37.17287092929145
82 3 43.84748700173311 43.28834226820285
82 4 47.09705372616985 46.69480778699669
82 5 50.25996533795494 50.081899306942034
82 6 53.16291161178509 53.244561862074406
82 7 54.37608318890814 54.21090059422332
82 8 56.1525129982669 56.275935941610925
82 9 58.752166377816295 58.94035342598817
82 10 59.66204506065858 59.74101017916147
83 1 28.119584055459274 26.635949639439012
83 2 39.34142114384749 39.22957434402212
83 3 47.183708838821495 47.29843812664216
83 4 49.610051993067586 49.37859119303602
83 5 52.469670710571926 52.49898934576775
83 6 54.59272097053726 54.348577729123804
83 7 56.499133448873486 56.30066546394599
83 8 58.4055459272097 58.22163423367675
83 9 59.44540727902946 59.643749265504596
83 10 60.09532062391681 60.12062463451255
84 1 27.4263431542461 24.708277311951385
84 2 40.20797227036395 39.145907938896066
84 3 45.66724436741767 45.29449591064748
84 4 49.26343154246101 49.25647618281235
84 5 51.25649913344888 51.088361561580655
84 6 52.296360485268636 52.52902624723114
84 7 54.50606585788561 54.769942968424814
84 8 56.02253032928943 56.37748633980563
84 9 57.538994800693246 57.83598549036806
84 10 59.40207972270364 59.4892483485958
85 1 27.079722703639515 24.903567675464867
85 2 37.52166377816291 36.723955112837686
85 3 44.88734835355286 44.70024062950546
85 4 50.04332755632582 49.81960679836418
85 5 53.639514731369154 53.52271952315124
85 6 54.8526863084922 54.95981374041571
85 7 56.672443674176776 56.64954543897145
85 8 58.23223570190641 58.327183006303194
85 9 59.66204506065858 59.95360116436734
85 10 59.92201039861352 59.929170382965935
86 1 29.8526863084922 28.234518316850444
86 2 39.124783362218366 37.819965682317374
86 3 45.493934142114384 45.642820437911766
86 4 50.04332755632582 50.55197273984249
86 5 52.729636048526864 53.299687493853945
86 6 54.41941074523397 54.891249775660754
86 7 57.06239168110918 57.33003429894915
86 8 57.105719237435004 57.58496163835872
86 9 59.09878682842288 59.64865869860867
86 10 60.09532062391681 60.48451669594592
87 1 26.559792027729635 24.066810281292238
87 2 39.081455805892546 38.221682175594566
87 3 42.80762564991335 42.516930214876346
87 4 47.66031195840554 48.028548064231586
87 5 50.77989601386482 50.99622289692057
87 6 53.89948006932409 54.22944815185641
87 7 55.93587521663779 56.339838555342624
87 8 57.798960138648184 57.951917466711755
87 9 58.795493934142115 59.01011265996085
87 10 59.48873483535528 59.57522100376072
88 1 29.02946273830156 26.694783864918747
88 2 37.001733102253034 35.831831884628144
88 3 45.233968804159446 44.98420528270871
88 4 49.350086655112655 49.22402917011294
88 5 51.603119584055456 51.7027538654724
88 6 54.41941074523397 54.64084777304018
88 7 55.50259965337955 55.92624616204518
88 8 58.44887348353552 58.74367957400508
88 9 57.4523396880416 57.78871261514954
88 10 59.96533795493934 60.31493021931599
89 1 28.249566724436743 25.746833900204454
89 2 38.82149046793761 37.830204305066744
89 3 43.977469670710576 43.16682021533031
89 4 48.74350086655112 48.40106791594831
89 5 51.386481802426346 51.26087687748815
89 6 53.11958405545927 53.06402270658771
89 7 55.45927209705373 55.442599758416414
89 8 57.49566724436742 57.37270431476269
89 9 58.36221837088388 58.53062635180288
89 10 58.795493934142115 59.12860279586326
90 1 27.209705372616984 25.240817636293272
90 2 40.64124783362219 39.61408976435822
90 3 46.05719237435009 45.38665411862649
90 4 50.12998266897747 49.70004351545704
90 5 52.599653379549395 52.633599782354935
90 6 53.98613518197573 54.35374904230572
90 7 55.67590987868284 55.82822856819099
90 8 56.975736568457535 57.25650651159621
90 9 57.885615251299825 58.227160932873815
90 10 58.578856152513005 58.99253216051834
91 1 27.469670710571926 26.12369112393128
91 2 37.56499133448873 37.11036651430338
91 3 43.11091854419411 42.86549382283591
91 4 48.18024263431543 48.19626108802439
91 5 52.426343154246105 52.578622968554434
91 6 55.06932409012132 55.05314743199923
91 7 55.589254766031196 55.73520282676171
91 8 56.7157712305026 57.083437823419025
91 9 57.149046793760824 57.457047926890745
91 10 58.665511265164646 59.023387065308675
92 1 28.20623916811092 26.633168343573278
92 2 36.95840554592721 36.04017675231785
92 3 45.493934142114384 45.20571610484357
92 4 48.96013864818024 48.691912063579636
92 5 52.38301559792028 52.42927194437027
92 6 54.722703639514734 54.86073491015202
92 7 56.759098786828424 56.817242942674284
92 8 58.36221837088388 58.362339895079614
92 9 58.622183708838826 58.68053936161006
92 10 59.53206239168111 59.69764107323003
93 1 26.993067590987867 25.22693666565889
93 2 37.1317157712305 36.693770391868576
93 3 44.150779896013866 44.09100034998025
93 4 50.47660311958405 50.40365102563863
93 5 51.99306759098788 52.112291913168306
93 6 54.722703639514734 54.637153150204654
93 7 54.63604852686309 54.91306200510289
93 8 54.98266897746967 55.31548597662342
93 9 57.538994800693246 58.23276018587609
93 10 59.7053726169844 60.08047405156209
94 1 26.776429809358753 25.16597703031578
94 2 38.30155979202773 37.66865612070521
94 3 42.89428076256499 42.79112179970863
94 4 46.8370883882149 46.83226983549356
94 5 51.03986135181976 50.81146817582034
94 6 52.12305025996534 51.94946880857362
94 7 53.59618717504333 53.34002430193942
94 8 55.762564991334486 55.78667396398303
94 9 57.712305025996535 57.90667894385108
94 10 57.798960138648184 58.26705614654283
95 1 28.596187175043326 27.310522005845776
95 2 41.204506065857885 40.765092473594734
95 3 46.447140381282495 46.36675282833735
95 4 50.519930675909876 50.49336531162469
95 5 52.85961871750433 53.180001412364106
95 6 55.45927209705373 55.93842518099029
95 7 56.58578856152513 56.8207194990413
95 8 59.40207972270364 59.644206656668175
95 9 59.74870017331022 60.00222951989096
95 10 60.61525129982669 60.87999605224403
96 1 28.162911611785095 26.371212676921647
96 2 38.51819757365685 37.87359187606299
96 3 42.244367417677644 41.848168587240906
96 4 46.447140381282495 46.71023766021379
96 5 50.12998266897747 50.66046996732477
96 6 53.20623916811091 53.65204262300794
96 7 54.722703639514734 55.11622420506102
96 8 56.02253032928943 56.44450023464248
96 9 57.668977469670715 57.949111121014916
96 10 58.83882149046794 59.17452011357482
97 1 27.729636048526864 25.92162016796427
97 2 40.51126516464472 39.407873386744285
97 3 46.360485268630846 46.05149944773176
97 4 51.03986135181976 51.097827680765064
97 5 53.81282495667244 53.914451636992986
97 6 54.93934142114385 55.148210087182406
97 7 57.105719237435004 57.27930385821289
97 8 57.755632582322356 57.815412908554265
97 9 58.925476603119584 59.14879864207209
97 10 60.09532062391681 60.42147618904394
98 1 28.552859618717502 27.266075689042214
98 2 38.69150779896014 37.982361403901535
98 3 45.147313691507804 44.65218870772272
98 4 50.43327556325823 50.248263120429726
98 5 52.90294627383015 53.18911335555181
98 6 55.67590987868284 56.267414419391635
98 7 56.975736568457535 57.2897757793741
98 8 58.188908145580584 58.66559645107646
98 9 59.79202772963605 60.23194370027194
98 10 60.70190641247834 60.96191807765954
99 1 26.083188908145583 24.192429001438057
99 2 39.47140381282496 38.992343161798175
99 3 45.06065857885615 44.88403982194174
99 4 49.17677642980936 49.222098924647526
99 5 53.422876949740036 53.369829571538084
99 6 55.80589254766031 56.06834543421419
99 7 56.45580589254766 56.64534109632113
99 8 58.53552859618717 58.80044302452095
99 9 59.09878682842288 59.421612580073926
99 10 59.83535528596187 60.016515564737325
