0 1 2 3
0 1 24.74003466204506 24.022884494595427
0 2 33.925476603119584 32.97270344314055
0 3 40.81455805892548 40.848468202881186
0 4 46.18717504332756 45.755348340235535
0 5 49.523396880415945 48.7989723059321
0 6 52.33968804159446 51.73124949767005
0 7 54.20277296360485 53.89722993105488
0 8 54.8526863084922 54.660988329128735
0 9 56.23916811091855 56.25772779498044
0 10 57.755632582322356 57.860451988131025
1 1 23.960138648180244 22.555540204067963
1 2 35.52859618717504 35.243034884861586
1 3 42.201039861351816 41.963172117130256
1 4 45.45060658578856 45.494108012596385
1 5 49.00346620450606 49.26885555768826
1 6 52.296360485268636 52.94323479124131
1 7 54.722703639514734 55.03645934157346
1 8 55.97920277296361 56.144037258207405
1 9 57.4523396880416 57.70663137161709
1 10 58.578856152513005 58.751479052134115
2 1 23.310225303292896 21.931039942107507
2 2 35.13864818024263 34.54235916139008
2 3 42.201039861351816 42.03567096377563
2 4 46.70710571923743 46.60945739318701
2 5 49.95667244367418 49.61165002248086
2 6 51.863084922010394 51.83390881531565
2 7 53.466204506065864 53.4493192962071
2 8 55.19930675909879 54.95816340208722
2 9 55.37261698440208 55.17111591174949
2 10 57.019064124783355 56.96204131260364
3 1 24.913344887348355 23.945698509501348
3 2 34.705372616984405 33.76004039811742
3 3 41.984402079722706 41.27473013946315
3 4 46.143847487001736 45.898727087651785
3 5 48.91681109185442 48.9774101992021
3 6 52.599653379549395 52.85894403157015
3 7 53.639514731369154 53.900255148690746
3 8 54.80935875216638 54.92405592755411
3 9 55.67590987868284 55.66795829345648
3 10 56.58578856152513 56.68106938696985
4 1 24.653379549393414 22.983267480958126
4 2 34.01213171577123 32.76792128499284
4 3 40.294627383015595 39.730772592661694
4 4 44.93067590987868 44.525012695335214
4 5 49.09012131715772 48.80765580701879
4 6 50.99653379549394 51.15441757624757
4 7 53.682842287694974 53.85586554794678
4 8 55.762564991334486 56.15194943422445
4 9 55.97920277296361 55.90137775693647
4 10 57.23570190641247 57.556155679027356
5 1 23.786828422876948 22.18550488955106
5 2 34.748700173310226 33.96433910309241
5 3 41.59445407279029 40.99016873195805
5 4 45.10398613518198 44.82192723192736
5 5 48.570190641247834 48.19644022694932
5 6 49.436741767764296 49.55157301755949
5 7 52.686308492201036 52.55053897302482
5 8 54.46273830155979 54.43965479913388
5 9 55.589254766031196 55.714153870448044
5 10 57.668977469670715 57.650808812156605
6 1 24.220103986135182 22.378467858699597
6 2 34.40207972270364 33.6203170152167
6 3 42.50433275563258 41.40171407455429
6 4 46.23050259965338 45.35709022342468
6 5 50.0 49.7786455034079
6 6 51.94974003466204 52.18329355995679
6 7 54.07279029462738 54.34351945808608
6 8 55.54592720970537 55.9838696416462
6 9 56.1525129982669 56.56258395465416
6 10 56.499133448873486 56.742509162307755
7 1 26.213171577123052 25.060655082651635
7 2 35.52859618717504 34.34204134023215
7 3 43.45753899480069 43.24720013250106
7 4 46.8370883882149 46.56712358355728
7 5 50.38994800693241 49.79706820187521
7 6 52.38301559792028 51.921756975167035
7 7 53.552859618717505 53.44998280796276
7 8 55.4159445407279 55.52962771005707
7 9 56.975736568457535 57.25029787185776
7 10 57.97227036395147 58.11744698416433
8 1 23.786828422876948 21.412684457768005
8 2 34.835355285961874 33.9981444351464
8 3 40.77123050259965 39.78680002807101
8 4 46.62045060658579 45.7621727487971
8 5 50.34662045060658 49.88925426642202
8 6 52.556325823223574 52.160741810125224
8 7 55.32928942807626 55.00146555741141
8 8 56.88908145580589 56.644480604991024
8 9 59.01213171577123 58.89801709199681
8 10 58.96880415944541 59.011078174478826
9 1 24.783362218370883 23.474540588365333
9 2 35.09532062391681 34.02946023114289
9 3 43.2842287694974 42.776774513516344
9 4 47.66031195840554 47.51796629166407
9 5 52.0363951473137 52.35408729501143
9 6 53.466204506065864 53.603900947677616
9 7 53.682842287694974 53.833043435737885
9 8 55.762564991334486 55.772616201180234
9 9 57.4523396880416 57.63514456652054
9 10 57.97227036395147 58.22161476069155
10 1 26.126516464471404 24.260520323362048
10 2 34.922010398613516 33.399569198790914
10 3 41.63778162911612 40.81905022533982
10 4 45.45060658578856 44.79723936457157
10 5 48.1369150779896 47.44175160167456
10 6 50.04332755632582 49.86937505392601
10 7 53.682842287694974 53.58083116083912
10 8 55.06932409012132 55.164436067306
10 9 56.672443674176776 56.59453953005165
10 10 58.27556325823223 58.61950669147941
11 1 25.909878682842287 24.43640267551882
11 2 35.008665511265164 34.400672403570645
11 3 40.94454072790295 40.46420635311014
11 4 45.10398613518198 45.04918193665968
11 5 48.396880415944544 48.11261684142158
11 6 51.603119584055456 51.35052119601148
11 7 53.07625649913344 52.83834434967854
11 8 55.15597920277296 55.0203631244006
11 9 57.06239168110918 57.092173677246436
11 10 57.92894280762565 57.68542374977492
12 1 25.606585788561524 24.378335767575592
12 2 36.43847487001733 35.616671627587564
12 3 41.89774696707106 41.185381277678204
12 4 45.233968804159446 44.938459398114766
12 5 48.353552859618716 48.242200582692284
12 6 50.38994800693241 50.29972491377037
12 7 52.469670710571926 52.39028408719072
12 8 54.59272097053726 54.450551075412235
12 9 55.67590987868284 55.73433455860298
12 10 57.842287694974004 57.74700438483569
13 1 25.51993067590988 23.813448199421938
13 2 32.49566724436742 31.100192204649733
13 3 39.42807625649913 39.02138995294442
13 4 44.84402079722704 45.25740903599606
13 5 47.66031195840554 47.89286507195526
13 6 51.51646447140381 51.80214325863947
13 7 52.772963604852684 52.889905157281305
13 8 54.93934142114385 55.14824317744909
13 9 56.499133448873486 56.8483947638648
13 10 57.49566724436742 57.69184839950153
14 1 26.343154246100518 24.84292608534378
14 2 34.18544194107452 33.487504609864615
14 3 40.94454072790295 40.83541042687682
14 4 45.45060658578856 45.20924623599631
14 5 48.65684575389948 48.28061203926722
14 6 50.649913344887345 50.40991222963845
14 7 52.686308492201036 52.92038218793764
14 8 54.89601386481803 55.016081956067275
14 9 56.10918544194108 56.186196192599894
14 10 56.41247833622184 56.87588497850695
15 1 24.003466204506065 23.100098212576718
15 2 35.74523396880416 34.228047858696385
15 3 41.63778162911612 40.70734043937681
15 4 47.053726169844026 46.85782920855158
15 5 50.25996533795494 49.82876937694148
15 6 51.603119584055456 51.26114059716432
15 7 52.556325823223574 52.45540403572249
15 8 56.06585788561526 55.97899151454073
15 9 57.019064124783355 57.089764876223015
15 10 57.92894280762565 58.17789373480453
16 1 24.176776429809358 22.947196289545985
16 2 33.53552859618718 33.09894865615797
16 3 40.8578856152513 40.46311400908657
16 4 44.97400346620451 44.66641436117315
16 5 49.91334488734835 49.69224433441428
16 6 52.556325823223574 52.80409420449384
16 7 53.379549393414216 53.58284642877638
16 8 54.41941074523397 54.444822316914475
16 9 56.759098786828424 56.79394747364559
16 10 56.759098786828424 56.71491318587489
17 1 23.353552859618716 21.57188831298565
17 2 35.22530329289428 33.93063292730419
17 3 39.60138648180242 38.418528852843565
17 4 45.62391681109185 44.887218000898244
17 5 49.26343154246101 48.66535702442681
17 6 51.94974003466204 51.88561686131301
17 7 54.59272097053726 54.5081044585761
17 8 56.32582322357019 56.19559656800186
17 9 57.19237435008665 57.2196990446465
17 10 57.842287694974004 57.71393989348327
18 1 23.26689774696707 21.559707150779538
18 2 34.53206239168111 33.05859132262833
18 3 41.72443674176776 41.07659061147073
18 4 45.7105719237435 45.08352564397112
18 5 49.30675909878683 49.071807463282745
18 6 51.559792027729635 51.681418979583505
18 7 54.1161178509532 53.97279259976837
18 8 55.15597920277296 54.94157741127425
18 9 55.54592720970537 55.320335434631765
18 10 57.32235701906413 57.332240849893715
19 1 24.393414211438476 22.648786589190294
19 2 34.22876949740035 32.63026464902615
19 3 39.948006932409015 38.616564846592894
19 4 45.97053726169844 45.34179335371828
19 5 48.396880415944544 48.06805488874393
19 6 50.0 49.753286217989775
19 7 52.296360485268636 52.19560077500155
19 8 53.16291161178509 53.09571423549067
19 9 54.41941074523397 54.42580137387966
19 10 56.36915077989602 56.27137178764876
20 1 24.263431542461007 22.92470724642891
20 2 34.878682842287695 33.988618130837494
20 3 40.81455805892548 40.15255121378101
20 4 48.00693240901213 48.078476447609376
20 5 49.26343154246101 49.37929465174874
20 6 50.736568457539 50.88626744027175
20 7 53.76949740034662 54.189531868428766
20 8 53.94280762564991 54.11948912000108
20 9 56.06585788561526 56.15558015544806
20 10 56.759098786828424 56.81667427249795
21 1 24.956672443674176 22.948146795002458
21 2 37.8682842287695 36.31076773336769
21 3 44.367417677642976 43.73326923692925
21 4 47.0103986135182 46.88425775105124
21 5 50.649913344887345 50.60498089601829
21 6 53.466204506065864 53.74171608217988
21 7 54.98266897746967 54.97680064421213
21 8 56.629116117850955 56.78132386974782
21 9 57.62564991334489 57.946405313955474
21 10 57.842287694974004 57.82840533823027
22 1 23.09358752166378 21.93217315948951
22 2 34.53206239168111 33.98780800989218
22 3 41.984402079722706 41.90540891676822
22 4 46.23050259965338 46.38089355732063
22 5 47.79029462738302 47.60336048265039
22 6 51.429809358752166 51.52607684776831
22 7 52.729636048526864 53.010755047121435
22 8 54.93934142114385 55.31433890904638
22 9 56.499133448873486 56.85566933158911
22 10 56.932409012131714 56.94744087579697
23 1 25.34662045060659 23.97707189816807
23 2 35.65857885615251 33.844029876590724
23 3 43.02426343154246 42.15328116450014
23 4 46.88041594454073 46.37979866355531
23 5 49.74003466204506 49.65805298704644
23 6 51.81975736568457 51.80358265003409
23 7 55.02599653379549 55.19625733386804
23 8 56.23916811091855 56.188529766578355
23 9 57.842287694974004 57.9742683602711
23 10 59.27209705372617 59.52590079771763
24 1 23.440207972270365 21.447744061765317
24 2 35.051993067590985 32.8420770256714
24 3 39.68804159445407 38.39538170238873
24 4 43.58752166377816 42.75272504331616
24 5 46.88041594454073 46.73046255228728
24 6 49.78336221837088 49.66505922329431
24 7 52.38301559792028 51.703539065934955
24 8 54.15944540727903 53.50941357676319
24 9 54.63604852686309 54.14704533192881
24 10 56.1525129982669 55.803550751605194
25 1 25.34662045060659 25.180406198314127
25 2 34.878682842287695 33.76573462391437
25 3 39.73136915077989 39.69864894802285
25 4 45.7105719237435 45.97360764616202
25 5 50.30329289428076 50.969815115133635
25 6 53.81282495667244 53.69009675109706
25 7 55.93587521663779 55.91488835210626
25 8 58.05892547660312 58.14377593668701
25 9 58.578856152513005 58.69199459254359
25 10 59.18544194107452 59.42058584177865
26 1 23.440207972270365 21.933997198404896
26 2 34.575389948006936 34.023073669469895
26 3 42.50433275563258 42.7098704749921
26 4 47.92027729636049 48.61135991638518
26 5 48.18024263431543 48.75784151525397
26 6 50.82322357019065 51.202185267147414
26 7 51.99306759098788 52.1760577597581
26 8 53.466204506065864 53.579558926994785
26 9 54.54939341421144 54.70634373839335
26 10 54.98266897746967 55.308873357200575
27 1 24.523396880415945 23.175532435588604
27 2 33.925476603119584 33.140758825208565
27 3 42.02772963604853 41.998440743843275
27 4 47.09705372616985 47.25544574507505
27 5 49.653379549393414 49.70987036117936
27 6 51.94974003466204 51.96125805923091
27 7 52.946273830155974 53.16756255854565
27 8 53.76949740034662 54.075518291232974
27 9 55.15597920277296 55.32448949504582
27 10 56.45580589254766 56.80059977631164
28 1 25.259965337954938 23.752754951026187
28 2 34.22876949740035 33.723333762945984
28 3 41.59445407279029 41.8054022593605
28 4 44.194107452339686 44.09205995309023
28 5 48.613518197573654 48.60246506349636
28 6 51.51646447140381 51.62866915708679
28 7 53.466204506065864 53.83941546165772
28 8 53.682842287694974 54.051476520871375
28 9 55.50259965337955 55.81870863255144
28 10 57.62564991334489 58.01906766696919
29 1 25.34662045060659 23.9952051923307
29 2 36.26516464471404 35.445076995476285
29 3 41.68110918544194 41.426480690008795
29 4 45.92720970537262 45.75241972787401
29 5 48.74350086655112 48.82399580150363
29 6 51.51646447140381 51.665570705503114
29 7 52.38301559792028 52.649112849552495
29 8 53.98613518197573 54.254582363860024
29 9 56.06585788561526 56.16307099370951
29 10 57.019064124783355 56.880825458012666
30 1 25.086655112651645 23.387570617734756
30 2 33.62218370883882 32.97874719955904
30 3 40.38128249566724 40.059390412408156
30 4 43.67417677642981 43.16578437799363
30 5 48.1369150779896 47.69194924557743
30 6 50.12998266897747 49.89165848782933
30 7 52.469670710571926 52.4755119789682
30 8 53.336221837088395 53.59741307000292
30 9 54.722703639514734 54.95331251769123
30 10 55.19930675909879 55.250740072689666
31 1 24.87001733102253 24.138439589647664
31 2 32.582322357019066 31.78011156725355
31 3 39.73136915077989 39.58685743327625
31 4 44.97400346620451 45.024692708974165
31 5 47.270363951473136 47.46960666362858
31 6 51.559792027729635 52.113274532649456
31 7 52.9896013864818 53.67769227508789
31 8 54.8526863084922 55.32862303994469
31 9 56.41247833622184 56.875291396899065
31 10 57.36568457538995 57.71918570567117
32 1 25.17331022530329 24.302424607873643
32 2 33.925476603119584 32.92323631760905
32 3 41.29116117850953 40.94524117107802
32 4 44.93067590987868 44.70867683962434
32 5 50.04332755632582 50.03970045614389
32 6 51.99306759098788 52.04792939861067
32 7 53.682842287694974 53.55931845606528
32 8 55.19930675909879 54.94740873130941
32 9 56.10918544194108 56.026512079612154
32 10 58.31889081455805 58.02272597402428
33 1 26.256499133448873 24.65703411872245
33 2 35.875216637781634 35.01067918608318
33 3 41.59445407279029 41.460099869925344
33 4 46.2738301559792 46.02564024158005
33 5 49.220103986135186 49.566149837609224
33 6 51.94974003466204 52.07712942703762
33 7 53.856152512998264 54.10679974482752
33 8 55.762564991334486 55.991218335430545
33 9 56.1525129982669 56.29623009571628
33 10 58.10225303292894 58.45125390051613
34 1 25.043327556325824 23.605450091278577
34 2 34.27209705372617 33.836900441557525
34 3 42.287694974003465 41.98319662641347
34 4 45.66724436741767 45.85593209883635
34 5 49.04679376083189 49.22804674899051
34 6 50.38994800693241 50.73417463360072
34 7 53.07625649913344 53.111406687702846
34 8 53.94280762564991 54.20945717172998
34 9 55.19930675909879 55.39754980725736
34 10 56.88908145580589 57.10599826684193
35 1 26.603119584055456 25.649286202113757
35 2 35.48526863084922 34.32091172664903
35 3 42.07105719237435 41.17277332012671
35 4 45.06065857885615 44.913313593366524
35 5 48.18024263431543 48.26605311155594
35 6 50.82322357019065 50.680460486964115
35 7 52.772963604852684 52.855757028306016
35 8 55.28596187175043 55.23633536571696
35 9 56.975736568457535 57.05530689304216
35 10 58.10225303292894 58.293555702421365
36 1 25.259965337954938 23.92493403540419
36 2 38.04159445407279 37.66623853180144
36 3 43.500866551126514 42.698162898056786
36 4 47.313691507798964 46.47097495853887
36 5 49.48006932409012 48.97667847249825
36 6 52.642980935875215 52.41532376665935
36 7 53.81282495667244 53.464249857681814
36 8 55.54592720970537 55.40067036042793
36 9 56.7157712305026 56.78117513315916
36 10 57.885615251299825 57.979363330032676
37 1 26.993067590987867 25.829472263943877
37 2 35.31195840554593 34.5420361762313
37 3 42.46100519930676 41.758828796881005
37 4 47.270363951473136 46.67104134501919
37 5 51.386481802426346 51.12780964850121
37 6 53.422876949740036 53.677085854116044
37 7 54.50606585788561 54.640101922787
37 8 57.19237435008665 57.449791026579554
37 9 58.882149046793764 59.001144962343176
37 10 59.05545927209705 59.35713059179727
38 1 25.51993067590988 24.00404372445592
38 2 33.62218370883882 32.498442334921094
38 3 39.168110918544194 38.097996083952225
38 4 44.324090121317155 43.78357219638271
38 5 47.443674176776426 47.22577308731445
38 6 50.519930675909876 50.6509976012689
38 7 52.38301559792028 52.41321339327104
38 8 54.20277296360485 54.42226329152805
38 9 56.23916811091855 56.49417789286235
38 10 56.975736568457535 57.21638340166354
39 1 23.570190641247834 22.121008120310535
39 2 34.96533795493934 34.12755227215814
39 3 38.77816291161179 37.94204851005493
39 4 45.92720970537262 45.690521827121465
39 5 48.91681109185442 49.01150545390932
39 6 51.386481802426346 51.08934001765546
39 7 53.59618717504333 53.572671857574235
39 8 54.8526863084922 54.677949032384355
39 9 56.02253032928943 56.011105995953336
39 10 56.23916811091855 56.62907597598964
40 1 25.38994800693241 23.76250789937655
40 2 33.40554592720971 31.957533087240574
40 3 40.68457538994801 40.273827598998075
40 4 44.80069324090121 44.61660667908705
40 5 48.31022530329289 48.34920214605289
40 6 50.99653379549394 51.47789202485351
40 7 53.20623916811091 53.2679741233551
40 8 55.02599653379549 55.311439004138464
40 9 56.19584055459272 56.48380014902611
40 10 57.842287694974004 58.11202066183374
41 1 23.180242634315423 21.263904723511658
41 2 30.54592720970537 29.78119150652582
41 3 38.17157712305026 37.12027735318991
41 4 44.280762564991335 43.51837764235012
41 5 48.09358752166378 47.4480072672299
41 6 50.90987868284229 50.83057412386772
41 7 52.729636048526864 52.52002489694757
41 8 54.46273830155979 54.667807985524476
41 9 56.41247833622184 56.40046042106434
41 10 57.36568457538995 57.510420355280026
42 1 25.30329289428076 23.831749514878517
42 2 37.3050259965338 36.48317302026369
42 3 41.24783362218371 41.18674972611256
42 4 46.23050259965338 46.03646993758923
42 5 50.08665511265165 50.11275887228024
42 6 51.776429809358746 51.95830891625825
42 7 52.946273830155974 53.24647450580818
42 8 54.63604852686309 54.908538462528114
42 9 56.10918544194108 56.03110332334775
42 10 56.845753899480066 56.96638517947616
43 1 25.866551126516462 24.04107511221332
43 2 35.875216637781634 34.6285380775653
43 3 41.334488734835354 40.69283311129544
43 4 45.92720970537262 45.51111745558728
43 5 47.66031195840554 47.18506071731963
43 6 50.519930675909876 50.5098437708829
43 7 52.16637781629117 52.01228174055459
43 8 54.54939341421144 54.38011365660586
43 9 55.67590987868284 55.563584390701436
43 10 56.32582322357019 56.16218897902676
44 1 25.34662045060659 23.832669449156885
44 2 36.22183708838821 35.17821099601366
44 3 42.98093587521664 42.54997911975503
44 4 46.05719237435009 46.072827230862195
44 5 50.736568457539 50.94610435359081
44 6 51.94974003466204 52.25779475294235
44 7 53.03292894280762 53.23511011325408
44 8 56.41247833622184 56.76930764706199
44 9 56.629116117850955 56.83195397699913
44 10 57.36568457538995 57.46477461268653
45 1 24.87001733102253 24.234254661440723
45 2 33.838821490467936 32.47027664183989
45 3 40.72790294627383 40.04507831549397
45 4 43.977469670710576 43.69849968837148
45 5 48.00693240901213 48.10512901712464
45 6 51.429809358752166 51.51867660214323
45 7 52.9896013864818 52.916766487148536
45 8 54.80935875216638 54.98466831022587
45 9 55.84922010398613 55.85596732358443
45 10 57.582322357019066 57.71423728317083
46 1 25.736568457538993 23.676807598136953
46 2 33.40554592720971 32.338327120887044
46 3 39.5580589254766 38.885527713289406
46 4 45.363951473136915 45.091276327139965
46 5 47.92027729636049 47.518001006363676
46 6 50.38994800693241 49.97185658898477
46 7 52.946273830155974 52.689904846285685
46 8 53.856152512998264 53.6153438697077
46 9 55.93587521663779 55.746484529417
46 10 56.88908145580589 57.01947161704032
47 1 25.086655112651645 23.283314287176815
47 2 34.22876949740035 33.17724902586536
47 3 41.03119584055459 40.42915220097457
47 4 45.84055459272097 45.220215412317636
47 5 48.353552859618716 48.03291836002428
47 6 50.519930675909876 50.39891296544089
47 7 51.733102253032925 51.7676310663999
47 8 54.2894280762565 54.383733201335495
47 9 55.80589254766031 56.149233335005064
47 10 57.19237435008665 57.44309084832058
48 1 25.30329289428076 24.542433999212967
48 2 33.188908145580584 31.657768970081523
48 3 41.50779896013865 40.818231657883715
48 4 46.317157712305026 46.2967279917392
48 5 48.78682842287695 48.89834502856388
48 6 52.729636048526864 52.91051673371119
48 7 53.7261698440208 53.77095958327287
48 8 55.67590987868284 55.86117431119392
48 9 55.37261698440208 55.653287806726794
48 10 57.149046793760824 57.19409377872143
49 1 25.693240901213173 24.723676091201625
49 2 35.35528596187175 34.917396183665915
49 3 40.90121317157712 40.40552550302268
49 4 45.75389948006933 45.21693920429234
49 5 49.436741767764296 49.02088310375225
49 6 51.99306759098788 51.75876919350094
49 7 54.1161178509532 54.13084540575937
49 8 55.67590987868284 55.599403585972226
49 9 56.10918544194108 55.98324948113634
49 10 57.712305025996535 57.762414853168224
50 1 24.48006932409012 23.243787927242696
50 2 34.53206239168111 33.90160702022396
50 3 40.164644714038126 39.946518601136724
50 4 43.84748700173311 44.131425666621126
50 5 46.360485268630846 46.40669980579219
50 6 50.519930675909876 50.59708386718613
50 7 53.20623916811091 53.41740096354711
50 8 55.24263431542461 55.45545815106151
50 9 56.36915077989602 56.59408956186574
50 10 56.845753899480066 57.18636815335542
51 1 24.436741767764296 23.063652834413226
51 2 34.09878682842288 33.275972443072014
51 3 41.03119584055459 40.91417585082695
51 4 45.493934142114384 45.1245105672965
51 5 48.78682842287695 48.246283546448446
51 6 51.16984402079723 50.85890609270412
51 7 53.20623916811091 52.91551268159944
51 8 56.02253032928943 55.77452316194693
51 9 57.798960138648184 57.65194236859088
51 10 58.4055459272097 58.50234519479841
52 1 22.487001733102254 20.392352491809177
52 2 32.49566724436742 30.781066125601196
52 3 40.8578856152513 39.97144609516234
52 4 46.2738301559792 45.91934777804542
52 5 49.566724436741765 49.50730099425359
52 6 52.642980935875215 52.30293209140066
52 7 54.50606585788561 54.04925836128156
52 8 56.06585788561526 55.8611281717739
52 9 56.19584055459272 55.864283696957415
52 10 56.7157712305026 56.70947639193529
53 1 24.003466204506065 22.096587666951038
53 2 35.181975736568454 34.30701923388625
53 3 42.54766031195841 42.21831665768054
53 4 46.23050259965338 46.24769545725336
53 5 50.649913344887345 50.621722196879574
53 6 51.47313691507799 51.59846270147025
53 7 52.772963604852684 52.82412349368622
53 8 54.54939341421144 54.72009341074093
53 9 56.802426343154245 56.92650168540164
53 10 57.06239168110918 57.29414669686567
54 1 23.570190641247834 22.19707995355862
54 2 35.13864818024263 34.06896930194809
54 3 42.02772963604853 41.68046324088583
54 4 45.7105719237435 45.47846174400655
54 5 49.350086655112655 49.38838642587092
54 6 51.689774696707104 51.843932272849116
54 7 52.90294627383015 52.76533152189013
54 8 54.722703639514734 54.49421348103504
54 9 56.802426343154245 56.594929830014095
54 10 57.668977469670715 57.37804855053719
55 1 24.220103986135182 22.71036299660262
55 2 34.575389948006936 33.60827882129601
55 3 41.50779896013865 41.21575117854934
55 4 47.0103986135182 46.889010669252976
55 5 49.393414211438476 49.24594491273392
55 6 51.863084922010394 51.60743671633065
55 7 54.1161178509532 54.16586164284391
55 8 56.499133448873486 56.500899334668695
55 9 56.88908145580589 56.98023051368429
55 10 58.05892547660312 58.264296941986636
56 1 23.786828422876948 22.483591013511255
56 2 34.53206239168111 32.550339954402276
56 3 40.03466204506066 39.55070024401424
56 4 44.75736568457539 44.85031729961023
56 5 48.570190641247834 48.32966371470256
56 6 51.25649913344888 51.17293203287937
56 7 54.20277296360485 54.11559613531962
56 8 56.06585788561526 56.113471735673436
56 9 55.892547660311955 55.94989017854842
56 10 57.712305025996535 57.531442881429584
57 1 25.30329289428076 23.574868391252835
57 2 34.40207972270364 33.08702253597875
57 3 41.074523396880416 40.360609152416785
57 4 45.493934142114384 45.05655239141777
57 5 48.91681109185442 48.517071270911984
57 6 50.38994800693241 50.44096531545963
57 7 53.336221837088395 53.07390353046861
57 8 53.552859618717505 53.56479485029815
57 9 55.80589254766031 55.8538362755492
57 10 57.019064124783355 57.18112996290204
58 1 25.259965337954938 23.909004215383256
58 2 33.27556325823224 32.01435130242079
58 3 41.074523396880416 40.3129306239968
58 4 45.233968804159446 45.27307567916693
58 5 48.570190641247834 49.00125313173709
58 6 51.559792027729635 51.65954682380456
58 7 52.599653379549395 52.87865371990992
58 8 55.19930675909879 55.3562269727362
58 9 56.28249566724437 56.17772021805323
58 10 56.932409012131714 57.03549606108125
59 1 24.610051993067593 22.994396861144082
59 2 36.0051993067591 34.734060309726566
59 3 44.0207972270364 43.430684286140085
59 4 47.09705372616985 46.56419062247717
59 5 48.83015597920277 48.237166244258276
59 6 51.99306759098788 51.58838873165023
59 7 53.7261698440208 53.47154371447515
59 8 55.892547660311955 55.73303077040994
59 9 56.88908145580589 56.906897318171204
59 10 58.622183708838826 58.75766641359783
60 1 25.693240901213173 23.855796106765588
60 2 36.13518197573657 34.851122360504995
60 3 41.24783362218371 40.70936313863059
60 4 45.58058925476603 45.3179743281741
60 5 47.79029462738302 47.88317176099791
60 6 51.16984402079723 51.19039737017761
60 7 54.15944540727903 54.44140938700719
60 8 55.19930675909879 55.432559072154355
60 9 55.93587521663779 56.154006524702616
60 10 57.27902946273831 57.55640253634377
61 1 25.38994800693241 23.432948698238175
61 2 36.26516464471404 35.85123270273404
61 3 42.50433275563258 41.57935211399993
61 4 46.360485268630846 45.990602756335775
61 5 49.00346620450606 48.76729614183824
61 6 52.07972270363952 51.80492532914218
61 7 52.686308492201036 52.2539060489031
61 8 54.50606585788561 54.51879824163387
61 9 56.28249566724437 56.00292652432515
61 10 57.798960138648184 57.65144974730935
62 1 23.960138648180244 22.965814021188148
62 2 32.97227036395147 32.151346914786544
62 3 39.86135181975737 39.549882469732125
62 4 44.5840554592721 44.37389386604674
62 5 48.18024263431543 47.751447028247114
62 6 51.99306759098788 51.62268883834496
62 7 53.639514731369154 53.371862308049465
62 8 55.50259965337955 55.22718148898632
62 9 57.149046793760824 56.97292510345234
62 10 57.842287694974004 57.787702269997496
63 1 25.563258232235704 25.230215041583843
63 2 34.05545927209705 32.56889251941659
63 3 40.55459272097054 39.99481861220758
63 4 45.66724436741767 45.27889425990356
63 5 47.87694974003466 47.89048537669812
63 6 50.25996533795494 50.44197010689656
63 7 52.642980935875215 52.878934523243394
63 8 54.02946273830156 54.37538188289355
63 9 56.23916811091855 56.53308663929971
63 10 56.759098786828424 56.717802172577194
64 1 23.960138648180244 22.474577813401808
64 2 35.35528596187175 34.52503094868197
64 3 43.327556325823224 42.60919950899303
64 4 46.79376083188908 46.23222442189312
64 5 50.77989601386482 50.74301299176608
64 6 52.20970537261699 52.117795514396306
64 7 53.07625649913344 52.87464232934711
64 8 54.46273830155979 54.23096554316585
64 9 55.97920277296361 55.960136579497664
64 10 57.36568457538995 57.509999605327835
65 1 24.610051993067593 23.275649668437882
65 2 35.831889081455806 35.16775739113753
65 3 42.76429809358752 42.33461541418221
65 4 46.447140381282495 46.12774817706734
65 5 49.350086655112655 49.23453652056976
65 6 51.64644714038128 51.80555323831489
65 7 54.37608318890814 54.722688009370025
65 8 56.54246100519931 56.57426133579841
65 9 57.62564991334489 57.890020456256345
65 10 58.31889081455805 58.51882756449789
66 1 23.26689774696707 21.430427432978522
66 2 35.051993067590985 34.086004453094965
66 3 41.334488734835354 40.894683783857225
66 4 45.363951473136915 44.87006628532127
66 5 48.05025996533796 47.76890304318175
66 6 49.95667244367418 49.98633506478507
66 7 52.296360485268636 52.362394216309546
66 8 54.54939341421144 54.59548260086255
66 9 55.84922010398613 55.90549665768285
66 10 57.92894280762565 58.11794655184415
67 1 26.386481802426342 24.758183913631164
67 2 34.22876949740035 33.10920989945069
67 3 42.54766031195841 42.244862838166796
67 4 46.403812824956674 46.61365408696658
67 5 49.30675909878683 49.385719537584926
67 6 51.776429809358746 51.95688674973306
67 7 52.90294627383015 53.230101722535665
67 8 54.89601386481803 55.507114859465425
67 9 56.06585788561526 56.252659121037915
67 10 57.62564991334489 58.00009868340017
68 1 25.476603119584055 23.57891668910332
68 2 34.48873483535528 33.19448827539653
68 3 41.72443674176776 40.83266563452449
68 4 45.147313691507804 44.891749868507674
68 5 49.09012131715772 49.30055371618192
68 6 51.94974003466204 51.86132358557863
68 7 53.07625649913344 53.03416503854168
68 8 55.762564991334486 55.70164417631216
68 9 57.712305025996535 57.78215333218982
68 10 58.23223570190641 58.44771639879405
69 1 23.050259965337954 21.482913499783262
69 2 32.582322357019066 31.75404827368415
69 3 41.24783362218371 40.923788433025706
69 4 45.45060658578856 45.548474495992224
69 5 48.31022530329289 48.377848519493696
69 6 51.863084922010394 52.05553733829602
69 7 53.76949740034662 54.02674748223162
69 8 55.02599653379549 55.550393531996335
69 9 55.719237435008665 55.98621549019997
69 10 57.23570190641247 57.62940981328582
70 1 24.393414211438476 22.653814526939698
70 2 36.04852686308492 35.307489438017186
70 3 42.201039861351816 41.33120539540725
70 4 45.45060658578856 45.152152740661876
70 5 50.736568457539 50.891740425166134
70 6 53.07625649913344 53.19008811519295
70 7 54.15944540727903 54.146234090625455
70 8 55.28596187175043 55.21008614907097
70 9 56.629116117850955 56.86732858435428
70 10 57.538994800693246 57.68580958489816
71 1 22.616984402079723 20.99375117406211
71 2 33.795493934142115 32.90510911091771
71 3 41.29116117850953 40.32418920332197
71 4 44.80069324090121 44.33586884732684
71 5 47.183708838821495 46.75000087053422
71 6 50.99653379549394 50.36322338581347
71 7 52.469670710571926 51.974042122584265
71 8 54.63604852686309 54.65053383253715
71 9 55.93587521663779 56.01298916016593
71 10 55.84922010398613 55.92271200833717
72 1 24.48006932409012 23.13701773484795
72 2 36.95840554592721 36.51084365134776
72 3 40.64124783362219 40.932976101841945
72 4 45.537261698440204 45.62358201102748
72 5 50.30329289428076 50.568791035755964
72 6 53.509532062391685 53.94454140417457
72 7 55.54592720970537 55.78577782810118
72 8 56.54246100519931 56.80970889833762
72 9 57.23570190641247 57.49959425756853
72 10 57.538994800693246 58.09150208856077
73 1 24.306759098786827 22.05330244054307
73 2 33.49220103986135 32.35433961093669
73 3 40.33795493934142 39.77805730002104
73 4 44.54072790294627 44.388945662917294
73 5 48.05025996533796 48.166624707545786
73 6 50.12998266897747 49.995996833605325
73 7 51.99306759098788 51.97355543828345
73 8 54.41941074523397 54.260981666066286
73 9 55.24263431542461 55.43261262248708
73 10 56.629116117850955 56.75303995250987
74 1 24.913344887348355 22.922433517004652
74 2 34.27209705372617 32.40024514326795
74 3 39.991334488734836 39.38846380791294
74 4 43.71750433275563 43.40939530700805
74 5 47.87694974003466 47.817830041442164
74 6 51.603119584055456 51.33504264676693
74 7 52.686308492201036 52.697497059786194
74 8 54.37608318890814 54.446974971422804
74 9 54.98266897746967 54.91550295799754
74 10 56.28249566724437 56.24516441599031
75 1 23.310225303292896 21.342754631356
75 2 35.13864818024263 33.888391460549485
75 3 42.07105719237435 41.31908795369262
75 4 45.8838821490468 45.44532227350891
75 5 49.350086655112655 49.43229714522775
75 6 52.07972270363952 52.23511375973977
75 7 53.94280762564991 54.39500924106847
75 8 56.06585788561526 56.62265946884564
75 9 56.32582322357019 56.877531813079166
75 10 56.06585788561526 56.719829960193266
76 1 27.902946273830153 26.827248414468247
76 2 35.39861351819758 34.37452067214626
76 3 41.161178509532064 40.63209193735233
76 4 47.183708838821495 46.92499540107077
76 5 49.74003466204506 49.86338822799161
76 6 52.296360485268636 52.14693404190346
76 7 55.84922010398613 55.70243413612869
76 8 56.932409012131714 56.508471795024064
76 9 58.015597920277294 57.73382377151941
76 10 58.53552859618717 58.34295546731416
77 1 25.476603119584055 23.84208604461487
77 2 35.22530329289428 33.97080536302103
77 3 42.244367417677644 41.36798531828535
77 4 46.96707105719237 46.634093482748895
77 5 50.43327556325823 49.95497197600939
77 6 52.07972270363952 51.84339509425347
77 7 54.07279029462738 53.85891388445238
77 8 55.37261698440208 54.9441490495641
77 9 57.019064124783355 56.594341908765735
77 10 57.755632582322356 57.489542665449825
78 1 24.263431542461007 22.390075408185208
78 2 34.27209705372617 32.64324125045741
78 3 40.33795493934142 39.259813534149956
78 4 45.58058925476603 45.039330063556015
78 5 49.04679376083189 49.098670854841856
78 6 51.34315424610052 51.56601252897447
78 7 53.466204506065864 53.495330689204565
78 8 54.33275563258232 54.71499865592219
78 9 55.762564991334486 55.96779983649518
78 10 56.88908145580589 57.361118100502765
79 1 24.263431542461007 22.706785079347636
79 2 33.62218370883882 32.918273519806554
79 3 41.117850953206236 40.84918752626152
79 4 45.75389948006933 45.50441626298911
79 5 50.38994800693241 50.28252663185198
79 6 51.603119584055456 51.77958476413519
79 7 53.81282495667244 54.23443542379815
79 8 55.45927209705373 55.80416147015813
79 9 56.845753899480066 57.18942249882413
79 10 58.31889081455805 58.66430562117464
80 1 23.570190641247834 22.33318717480384
80 2 33.925476603119584 32.30570479190577
80 3 40.77123050259965 39.86130390266807
80 4 47.0103986135182 46.57260941358318
80 5 48.83015597920277 48.83965463509509
80 6 52.33968804159446 52.16253269778913
80 7 54.722703639514734 54.635823113665474
80 8 57.23570190641247 57.17697872873839
80 9 57.4523396880416 57.59861756258087
80 10 57.97227036395147 58.162102395666125
81 1 24.956672443674176 22.93613445913767
81 2 33.188908145580584 32.0370109053014
81 3 40.68457538994801 39.98384551716775
81 4 44.0207972270364 43.56306970549173
81 5 47.443674176776426 47.317360524125284
81 6 49.69670710571924 49.77798140014971
81 7 51.94974003466204 51.48005299677267
81 8 53.552859618717505 53.591837020871466
81 9 55.892547660311955 55.93063980111539
81 10 57.105719237435004 57.06436272460989
82 1 24.090121317157713 22.531129429506706
82 2 33.188908145580584 31.83319319614632
82 3 40.90121317157712 39.47349420046132
82 4 45.190641247833625 44.376712653381034
82 5 47.96360485268631 47.17690379907825
82 6 50.77989601386482 50.19467671660496
82 7 53.7261698440208 53.197527795422005
82 8 54.63604852686309 54.161792988426825
82 9 55.93587521663779 55.663946452128584
82 10 56.802426343154245 56.539635172249156
83 1 23.91681109185442 22.62146855103793
83 2 35.35528596187175 34.27391469036028
83 3 42.201039861351816 42.29993932467098
83 4 46.317157712305026 46.243455270899645
83 5 49.74003466204506 49.64797560933751
83 6 52.0363951473137 51.9792094391331
83 7 52.512998266897746 52.59973817354261
83 8 55.32928942807626 55.35420092573915
83 9 55.02599653379549 54.896926838568575
83 10 56.58578856152513 56.648785047178215
84 1 24.696707105719238 22.77084476047632
84 2 34.05545927209705 32.073861304346686
84 3 39.991334488734836 39.17720093256864
84 4 45.147313691507804 44.983973231675634
84 5 46.53379549393414 46.294782362923634
84 6 49.653379549393414 49.337255643305284
84 7 51.47313691507799 51.373635603223875
84 8 53.59618717504333 53.56895028821508
84 9 54.59272097053726 54.40253161270441
84 10 56.672443674176776 56.64100943290057
85 1 24.176776429809358 22.809547257053012
85 2 34.35875216637781 33.547689387545276
85 3 42.07105719237435 41.540958641279616
85 4 46.23050259965338 45.999853825800884
85 5 48.87348353552859 48.871344545681865
85 6 51.81975736568457 52.181625083782215
85 7 53.552859618717505 53.60424574709853
85 8 55.54592720970537 55.508529774498896
85 9 56.932409012131714 56.93166848362098
85 10 57.538994800693246 57.559804822834806
86 1 24.913344887348355 23.540836203404
86 2 36.56845753899481 35.17667772128949
86 3 42.89428076256499 42.46274845700551
86 4 46.96707105719237 46.530354632608336
86 5 49.87001733102253 49.421223525319306
86 6 53.422876949740036 52.98329949869496
86 7 55.15597920277296 55.0112907633362
86 8 55.762564991334486 55.45179553984691
86 9 56.845753899480066 56.512494003973615
86 10 58.31889081455805 58.07846395025453
87 1 22.790294627383016 21.205435437543123
87 2 32.19237435008665 30.844700215331866
87 3 38.95147313691508 38.69605579881084
87 4 42.76429809358752 43.001541907684384
87 5 46.70710571923743 46.815548910967955
87 6 50.30329289428076 50.526471252109076
87 7 52.25303292894281 52.49364553372595
87 8 54.07279029462738 54.15619983504432
87 9 55.63258232235702 55.65398368867851
87 10 56.672443674176776 56.99370731633041
88 1 25.82322357019064 24.39555639470575
88 2 34.44540727902946 34.11775101959434
88 3 42.331022530329285 42.35294094421878
88 4 46.577123050259964 46.92536023492589
88 5 48.09358752166378 48.34628921043429
88 6 51.2998266897747 51.32121804393266
88 7 53.24956672443674 53.43555993373316
88 8 54.46273830155979 54.29045843087993
88 9 56.32582322357019 56.33541392838034
88 10 57.36568457538995 57.42652380303894
89 1 25.34662045060659 23.580505006514308
89 2 34.705372616984405 33.84050706908515
89 3 41.24783362218371 40.54694493882765
89 4 47.0103986135182 46.94248571569385
89 5 48.83015597920277 48.42899826299421
89 6 51.94974003466204 51.815049887059274
89 7 53.29289428076257 52.90599365711912
89 8 54.50606585788561 53.98297403948186
89 9 55.97920277296361 55.87706460383646
89 10 56.672443674176776 56.79137925627744
90 1 23.656845753899482 22.26867593425774
90 2 32.40901213171577 32.02526828392949
90 3 37.911611785095324 37.741547292074294
90 4 44.45407279029463 44.20037072835713
90 5 47.92027729636049 47.55535222921646
90 6 49.82668977469671 49.37210148095189
90 7 52.20970537261699 51.89094380930898
90 8 53.552859618717505 53.26535637559523
90 9 55.4159445407279 55.26394174757232
90 10 56.23916811091855 55.99440567865902
91 1 25.30329289428076 24.074053745807102
91 2 33.838821490467936 33.00053075588961
91 3 40.46793760831889 39.96430078483023
91 4 47.443674176776426 47.511883755652576
91 5 49.78336221837088 49.93471265300942
91 6 51.2998266897747 51.710009302338875
91 7 52.816291161178505 53.10825536847491
91 8 55.19930675909879 55.53426037426043
91 9 55.67590987868284 55.981937935418955
91 10 57.40901213171578 57.7072299091737
92 1 24.220103986135182 22.346105709996994
92 2 34.18544194107452 32.49936191548998
92 3 42.89428076256499 42.45143537188411
92 4 45.79722703639515 44.94758555585635
92 5 48.65684575389948 48.23530971963167
92 6 51.12651646447141 50.453424234295326
92 7 52.16637781629117 51.65843126007141
92 8 54.15944540727903 53.56895203312232
92 9 56.02253032928943 55.688236622703144
92 10 57.40901213171578 57.04954156035477
93 1 25.043327556325824 23.66389881261137
93 2 35.57192374350087 34.82678410278247
93 3 41.074523396880416 40.3631988863494
93 4 45.147313691507804 44.830516375782146
93 5 49.09012131715772 48.60976605595236
93 6 51.08318890814558 51.043788805046965
93 7 52.772963604852684 52.657254705722615
93 8 55.15597920277296 55.144419734382424
93 9 56.975736568457535 56.87112513041417
93 10 57.538994800693246 57.44528971802797
94 1 24.436741767764296 23.596447866791365
94 2 33.31889081455806 31.90213513107747
94 3 40.77123050259965 40.3065980458485
94 4 45.01733102253033 44.5388569410343
94 5 48.26689774696707 48.052787889824266
94 6 50.69324090121318 50.763103791355505
94 7 53.03292894280762 52.92553952983704
94 8 54.02946273830156 54.08804767796346
94 9 55.32928942807626 55.615834799849765
94 10 55.84922010398613 55.974927781604265
95 1 25.259965337954938 23.552840326651072
95 2 35.26863084922011 34.33912624927592
95 3 42.37435008665511 42.01147666796227
95 4 46.317157712305026 46.44833270290796
95 5 50.736568457539 50.502648796259066
95 6 51.559792027729635 51.294733623126966
95 7 54.2894280762565 53.99941064177085
95 8 56.06585788561526 55.676984372867565
95 9 56.672443674176776 56.455277835946696
95 10 56.932409012131714 56.575958539189486
96 1 23.180242634315423 21.988291641551804
96 2 34.878682842287695 34.25419139789612
96 3 40.164644714038126 39.51562491972981
96 4 44.410745233968804 44.08174391582143
96 5 48.83015597920277 48.64726326983792
96 6 50.60658578856152 50.589639426684116
96 7 52.772963604852684 52.58870936375521
96 8 54.54939341421144 54.70014304172142
96 9 55.80589254766031 55.9365870665551
96 10 57.538994800693246 57.87584325829038
97 1 25.51993067590988 23.614111948834395
97 2 35.57192374350087 34.21368747551388
97 3 42.67764298093588 41.86273143257819
97 4 47.09705372616985 46.91026981577316
97 5 50.60658578856152 50.34048196536288
97 6 52.946273830155974 52.83551635238254
97 7 55.67590987868284 55.60637984164452
97 8 56.975736568457535 56.86973263277635
97 9 57.97227036395147 58.04563187844794
97 10 58.752166377816295 58.59905720936369
98 1 25.043327556325824 23.571929615232833
98 2 33.44887348353553 32.48654221911681
98 3 39.948006932409015 38.91431903284145
98 4 45.537261698440204 44.79690932801911
98 5 50.60658578856152 50.11096588003131
98 6 52.426343154246105 51.928783983733354
98 7 54.50606585788561 53.9048937415773
98 8 56.845753899480066 56.59766375647847
98 9 56.932409012131714 56.5799059683727
98 10 58.27556325823223 58.16234026153967
99 1 23.91681109185442 22.051478466251456
99 2 35.78856152512998 34.86982439995457
99 3 41.94107452339688 41.014832991352236
99 4 45.537261698440204 45.463976631115095
99 5 49.436741767764296 49.41045155744542
99 6 51.16984402079723 51.32052870990211
99 7 53.16291161178509 53.17779786668551
99 8 55.06932409012132 54.89528607100061
99 9 56.28249566724437 56.119201524416596
99 10 57.582322357019066 57.373214045055164
