0 1 16.16117850953206 15.823321887488358
0 2 21.403812824956674 20.873171190154697
0 3 26.213171577123052 26.036834097357854
0 4 30.155979202772965 30.320312085800495
0 5 30.979202772963603 31.27957407477569
0 6 33.44887348353553 33.50270719266143
0 7 35.70190641247834 35.57589180724372
0 8 36.61178509532063 36.51950144760712
0 9 36.82842287694974 36.63774934695361
0 10 38.73483535528596 38.63413575176159
1 1 14.644714038128251 13.651254142528355
1 2 21.403812824956674 21.17114025307731
1 3 25.909878682842287 25.592876516958746
1 4 29.766031195840554 29.996923281119308
1 5 32.32235701906412 32.390176166652445
1 6 33.10225303292894 33.941571080084955
1 7 34.922010398613516 35.512659523554035
1 8 36.43847487001733 36.684127587801285
1 9 38.04159445407279 38.50380172446053
1 10 38.30155979202773 38.46554823353403
2 1 13.4315424610052 13.312905319263022
2 2 20.45060658578856 20.4501308214345
2 3 26.646447140381284 26.987427845145184
2 4 29.376083188908147 29.97085174866362
2 5 32.01906412478336 32.58751499901366
2 6 33.75216637781629 33.89106329109934
2 7 35.70190641247834 35.71999494562928
2 8 35.65857885615251 35.70505118995914
2 9 37.43500866551127 36.97995757155471
2 10 38.51819757365685 38.31918360094523
3 1 13.864818024263432 12.856653469406092
3 2 21.143847487001732 21.080387932096915
3 3 25.693240901213173 25.258748815901765
3 4 28.292894280762564 28.374430004040384
3 5 31.499133448873483 31.929889132011013
3 6 33.44887348353553 33.54807517756663
3 7 35.918544194107454 35.94933980294432
3 8 36.30849220103986 36.19419504555919
3 9 37.56499133448873 37.489055103135215
3 10 38.51819757365685 38.14742304107132
4 1 15.511265164644714 14.350758506413289
4 2 21.100519930675908 20.3327771407716
4 3 25.476603119584055 25.62769237804593
4 4 26.299826689774697 26.40468721021994
4 5 30.415944540727903 30.61011262916101
4 6 32.45233968804159 32.74089851831491
4 7 35.57192374350087 35.80487077293077
4 8 36.35181975736568 36.366407580238636
4 9 37.34835355285962 37.240820209532714
4 10 38.56152512998267 38.37423996133227
5 1 16.507798960138647 16.16775051230499
5 2 21.707105719237436 21.36953962621805
5 3 26.256499133448873 25.9291180480816
5 4 29.462738301559792 29.517205162157172
5 5 30.329289428076255 30.589671829627846
5 6 31.28249566724437 31.65264238868197
5 7 33.36221837088388 33.59280759666824
5 8 34.66204506065858 34.61911274309166
5 9 36.48180242634315 36.6193680053965
5 10 38.38821490467937 38.52760408718997
6 1 14.77469670710572 14.222237196297716
6 2 20.537261698440208 20.308307232255956
6 3 24.436741767764296 24.72706357966346
6 4 27.123050259965336 27.2458337564893
6 5 30.329289428076255 30.4040312656954
6 6 32.798960138648184 32.810180589683405
6 7 33.31889081455806 33.3961798614212
6 8 34.40207972270364 34.15157274379786
6 9 36.0051993067591 36.10028211660949
6 10 36.61178509532063 36.73931389982913
7 1 16.594454072790292 16.04315641054415
7 2 22.097053726169843 21.553445173371593
7 3 26.949740034662046 26.60756337497797
7 4 29.41941074523397 29.155703782305135
7 5 31.802426343154245 31.880145672776877
7 6 33.795493934142115 33.95491627217686
7 7 35.65857885615251 35.806221221087426
7 8 36.741767764298096 36.4689859262954
7 9 37.56499133448873 37.302949018834944
7 10 38.38821490467937 38.43168489361436
8 1 13.864818024263432 12.946403242621574
8 2 20.537261698440208 20.18669221264325
8 3 27.209705372616984 26.960187003107784
8 4 29.636048526863085 29.584555707077577
8 5 33.23223570190642 33.37138064032256
8 6 32.62564991334489 32.63852951720209
8 7 34.09878682842288 34.29099818109556
8 8 35.39861351819758 35.382174979505415
8 9 36.17850953206239 35.98954125410092
8 10 37.65164644714038 37.47290452223931
9 1 14.601386481802425 13.56013097303124
9 2 21.36048526863085 20.814352991725517
9 3 27.729636048526864 27.885174703155393
9 4 30.155979202772965 30.19148610329072
9 5 32.885615251299825 33.1951161720431
9 6 35.31195840554593 35.25857327279313
9 7 36.82842287694974 37.1408879575228
9 8 37.21837088388215 37.44666245575535
9 9 37.56499133448873 37.762542463178235
9 10 38.64818024263432 39.0482893119099
10 1 14.861351819757365 14.355140407289287
10 2 22.530329289428074 22.01568155243747
10 3 26.949740034662046 26.39854499455334
10 4 29.07279029462738 29.355520076233717
10 5 31.325823223570193 31.286664147880273
10 6 32.885615251299825 32.88749788506976
10 7 35.008665511265164 35.26995016868
10 8 35.831889081455806 35.996444160833704
10 9 37.73830155979203 38.16176853400327
10 10 38.82149046793761 39.05331969505356
11 1 14.644714038128251 13.953620642748001
11 2 20.88388214904679 20.374800742615214
11 3 24.48006932409012 24.376348253342076
11 4 28.162911611785095 28.421471686839293
11 5 31.06585788561525 31.280736814950206
11 6 32.36568457538995 32.20177719945238
11 7 34.44540727902946 34.403526287062945
11 8 35.78856152512998 35.68142882438207
11 9 37.34835355285962 37.24242511452623
11 10 38.47487001733102 38.337896258398246
12 1 15.901213171577123 15.325261312906868
12 2 22.660311958405547 21.824794452583927
12 3 27.123050259965336 26.64173221555523
12 4 29.07279029462738 28.98788043303161
12 5 31.369150779896017 31.165777953431167
12 6 33.44887348353553 33.401817868865095
12 7 34.705372616984405 34.71885726394089
12 8 36.65511265164645 36.345785453748064
12 9 37.1317157712305 36.86913506319662
12 10 38.69150779896014 38.5372817966103
13 1 14.51473136915078 13.726586928675506
13 2 20.27729636048527 19.93777523236343
13 3 25.17331022530329 25.05152611389437
13 4 27.469670710571926 27.87888128143394
13 5 30.979202772963603 31.152515861933217
13 6 32.92894280762565 33.21494060470759
13 7 34.748700173310226 35.0356724121843
13 8 35.39861351819758 35.79399442106671
13 9 37.1317157712305 37.31873035944778
13 10 37.73830155979203 37.67065614516654
14 1 16.334488734835357 15.219174320463635
14 2 23.180242634315423 22.80869385743851
14 3 26.083188908145583 26.02147195204589
14 4 29.462738301559792 29.359067011466145
14 5 32.582322357019066 32.35179092820558
14 6 34.48873483535528 34.34103607716566
14 7 35.26863084922011 34.86116941768272
14 8 36.0051993067591 35.98826712905415
14 9 37.21837088388215 36.84079313277942
14 10 38.69150779896014 38.672241950435634
15 1 15.944540727902945 15.441553178810604
15 2 23.26689774696707 22.71734857738162
15 3 26.16984402079723 26.09555174823301
15 4 28.856152512998268 28.971105716960764
15 5 30.54592720970537 30.436740675125186
15 6 32.712305025996535 32.6543931941122
15 7 33.838821490467936 33.704335594267796
15 8 34.835355285961874 34.7901900094806
15 9 37.088388214904676 37.13746849193255
15 10 37.34835355285962 37.33204372698901
16 1 15.641247833622185 15.120359922519421
16 2 20.797227036395146 20.413085343848
16 3 25.259965337954938 24.90139380408759
16 4 29.679376083188906 29.114132107298264
16 5 30.63258232235702 30.660805938641804
16 6 32.14904679376083 32.299114030957426
16 7 33.53552859618718 33.56592692095998
16 8 34.922010398613516 34.96754905921203
16 9 37.1317157712305 37.12664976237288
16 10 38.17157712305026 38.359807758454096
17 1 14.341421143847487 13.875812924023379
17 2 20.92720970537262 20.698206168454604
17 3 25.51993067590988 24.827037956034317
17 4 28.986135181975737 28.420773793577673
17 5 31.28249566724437 30.631344427919327
17 6 33.36221837088388 33.24015285089446
17 7 35.65857885615251 35.623660127740216
17 8 35.74523396880416 35.48111014762344
17 9 36.82842287694974 36.84191003654473
17 10 37.001733102253034 37.01248430719106
18 1 12.824956672443674 12.216897484374273
18 2 19.32409012131716 18.7981358903888
18 3 24.523396880415945 24.461728136082968
18 4 27.859618717504333 27.7182693829999
18 5 29.809358752166375 30.13383020607086
18 6 31.022530329289427 31.23193703441036
18 7 34.01213171577123 33.88104808798042
18 8 35.13864818024263 34.85751000270813
18 9 36.13518197573657 35.923579839694554
18 10 37.045060658578855 36.82314826402124
19 1 13.344887348353554 12.635768438297704
19 2 20.363951473136915 20.295465768206405
19 3 25.086655112651645 24.80372015315775
19 4 29.896013864818023 29.702868843661246
19 5 31.499133448873483 31.281819286923906
19 6 32.2790294627383 31.834933698416528
19 7 34.44540727902946 33.76551052616132
19 8 34.96533795493934 34.6232881746873
19 9 35.918544194107454 35.47934299557137
19 10 37.26169844020797 36.88432541637887
20 1 13.604852686308492 12.514400473245363
20 2 20.320623916811094 20.080670599687448
20 3 24.87001733102253 24.882859775207354
20 4 28.292894280762564 27.94583339211321
20 5 31.23916811091854 31.026316719336798
20 6 33.578856152513 33.725230121261866
20 7 34.53206239168111 34.170505391623955
20 8 35.78856152512998 35.82329649253013
20 9 38.084922010398614 38.152163698315285
20 10 38.38821490467937 38.32379982606102
21 1 14.124783362218372 12.96419645005533
21 2 22.05372616984402 21.504105251643356
21 3 26.559792027729635 26.26795042926895
21 4 29.246100519930675 28.856392422552307
21 5 32.885615251299825 32.356889398478415
21 6 35.52859618717504 34.82381011554084
21 7 35.78856152512998 35.24627552483486
21 8 37.1317157712305 36.68725023339266
21 9 37.26169844020797 36.806198266699084
21 10 37.43500866551127 37.12203965300373
22 1 15.251299826689774 14.371911954082242
22 2 21.273830155979205 20.900136525532076
22 3 26.213171577123052 26.698427038674673
22 4 29.332755632582323 29.50435651481207
22 5 30.329289428076255 30.77494162061104
22 6 32.62564991334489 32.92073830178072
22 7 34.35875216637781 34.711917318840186
22 8 35.78856152512998 36.59252510843805
22 9 36.61178509532063 36.9895792833814
22 10 37.52166377816291 37.92271375419014
23 1 15.467937608318891 14.864503734882483
23 2 24.090121317157713 22.836299907178255
23 3 27.29636048526863 26.408648601939337
23 4 29.766031195840554 29.209787080204546
23 5 31.975736568457542 31.780311494416345
23 6 32.755632582322356 32.12916663321999
23 7 34.61871750433276 34.374002316153295
23 8 36.30849220103986 36.23779352511022
23 9 37.8682842287695 37.91218452497347
23 10 38.73483535528596 38.69692286829178
24 1 14.601386481802425 13.536267476260358
24 2 21.403812824956674 20.702952676721935
24 3 23.743500866551127 23.739176344676807
24 4 27.599653379549395 27.57587585142631
24 5 29.462738301559792 29.705375882062484
24 6 31.412478336221838 31.501961619653464
24 7 33.188908145580584 32.973210276402995
24 8 36.13518197573657 36.11964547106625
24 9 36.741767764298096 36.805833659008776
24 10 37.34835355285962 37.55734048080069
25 1 15.814558058925476 15.491054326295849
25 2 21.837088388214905 21.466953537816366
25 3 25.216637781629114 25.13051160140786
25 4 28.7261698440208 29.210167204979832
25 5 30.19930675909879 30.760971670299465
25 6 32.36568457538995 32.57510343283812
25 7 34.44540727902946 34.78269918482641
25 8 36.56845753899481 36.99467328225384
25 9 37.82495667244367 38.05567595232155
25 10 37.911611785095324 38.09167901574778
26 1 14.861351819757365 13.637361721732525
26 2 21.750433275563257 21.457694507787238
26 3 27.469670710571926 27.529838578497294
26 4 29.93934142114385 30.235703059174146
26 5 31.975736568457542 32.46904620381783
26 6 33.27556325823224 33.389663317360345
26 7 34.44540727902946 34.73948953773187
26 8 35.051993067590985 34.99181109681173
26 9 36.0051993067591 36.179300926148656
26 10 37.088388214904676 37.361367265337506
27 1 14.904679376083187 13.70046120461151
27 2 20.537261698440208 20.19616677408772
27 3 26.083188908145583 26.181335420258712
27 4 28.552859618717502 28.558486115236697
27 5 30.675909878682845 30.7848793289199
27 6 32.668977469670715 32.8221781733027
27 7 33.882149046793764 34.05836369238365
27 8 35.39861351819758 35.908313378425866
27 9 37.001733102253034 37.56197356896721
27 10 37.3050259965338 37.85789042321623
28 1 14.124783362218372 13.395853198155788
28 2 21.317157712305026 20.769828428027537
28 3 26.559792027729635 26.720890824974337
28 4 29.809358752166375 30.08235234839367
28 5 31.412478336221838 31.79399231362472
28 6 33.62218370883882 33.881314958868586
28 7 34.27209705372617 34.63376113773387
28 8 35.13864818024263 35.15529827637111
28 9 37.045060658578855 37.147346674334806
28 10 38.69150779896014 38.77378509855164
29 1 16.074523396880416 15.218309932312794
29 2 22.140381282495667 21.90923551655319
29 3 25.043327556325824 24.834674451935058
29 4 28.7261698440208 28.878076766320206
29 5 30.415944540727903 30.9397924745961
29 6 33.23223570190642 33.45424820307237
29 7 34.922010398613516 35.43164640267587
29 8 35.961871750433275 36.392995048899444
29 9 37.47833622183709 38.126878662239335
29 10 37.82495667244367 38.1213865892404
30 1 13.951473136915077 13.382776942161245
30 2 20.103986135181977 19.608392033321955
30 3 26.559792027729635 26.109727175762426
30 4 28.119584055459274 27.974537068473555
30 5 30.502599653379548 30.53341227968588
30 6 32.2790294627383 32.29255509415974
30 7 34.705372616984405 34.603224751220054
30 8 34.835355285961874 34.87278028297972
30 9 36.78509532062392 36.69730523371536
30 10 38.47487001733102 38.64193264690613
31 1 14.038128249566725 12.983828653015541
31 2 19.194107452339686 19.369940643766363
31 3 24.956672443674176 25.38806745935699
31 4 28.899480069324092 29.028039664002105
31 5 31.672443674176776 31.89101517164856
31 6 33.70883882149047 33.88699529047649
31 7 35.13864818024263 35.24937232911097
31 8 35.26863084922011 35.344966629675824
31 9 37.82495667244367 37.812738873831165
31 10 37.8682842287695 38.07936305709658
32 1 15.987868284228771 15.19341918852248
32 2 20.493934142114384 20.704869520424587
32 3 23.960138648180244 23.868710854803687
32 4 28.422876949740033 28.389389964583934
32 5 29.98266897746967 30.17744755337744
32 6 32.01906412478336 31.78193235022466
32 7 33.49220103986135 33.322576722884875
32 8 34.748700173310226 34.58914797420434
32 9 37.26169844020797 37.18870854254418
32 10 38.47487001733102 38.07612120698003
33 1 14.904679376083187 14.58902943875335
33 2 21.317157712305026 20.853483170435467
33 3 24.04679376083189 24.212510696966035
33 4 27.81629116117851 27.996337525383325
33 5 31.195840554592717 31.721524535028795
33 6 32.798960138648184 33.20720582422537
33 7 33.70883882149047 33.8722110655316
33 8 34.61871750433276 34.84108862374616
33 9 35.22530329289428 35.619619692639816
33 10 37.3050259965338 37.649296761966646
34 1 17.461005199306758 16.851286487024915
34 2 22.097053726169843 21.77839854032876
34 3 25.99653379549394 26.11796327281233
34 4 28.769497400346623 29.127071543842277
34 5 31.975736568457542 32.33194658805803
34 6 33.36221837088388 33.64012292463689
34 7 33.62218370883882 33.93719365528279
34 8 35.61525129982669 36.351491632459144
34 9 37.65164644714038 38.21191787988617
34 10 37.78162911611785 38.21621200352462
35 1 15.727902946273831 15.184361457994507
35 2 22.357019064124785 22.014995443110745
35 3 26.213171577123052 26.048225678448063
35 4 29.116117850953206 29.22380040804933
35 5 30.849220103986134 31.005960397042394
35 6 32.2790294627383 31.975721826030114
35 7 34.575389948006936 34.50813375968034
35 8 36.3951473136915 36.16183209858751
35 9 37.78162911611785 37.56146935692789
35 10 38.908145580589256 38.74815566627444
36 1 14.731369150779896 13.918118071607353
36 2 23.26689774696707 23.431394737326567
36 3 27.4263431542461 27.175172883692888
36 4 30.155979202772965 29.99297142308922
36 5 31.58578856152513 31.42946487022062
36 6 33.795493934142115 33.82024621266946
36 7 34.48873483535528 34.419406957101614
36 8 37.78162911611785 38.04070023982122
36 9 38.69150779896014 39.00840861442109
36 10 39.42807625649913 39.54446012725913
37 1 17.504332755632582 17.1450735716472
37 2 21.057192374350088 20.81428729592725
37 3 25.693240901213173 25.195990682354086
37 4 29.02946273830156 28.79166782857704
37 5 31.629116117850952 31.492113803687282
37 6 33.925476603119584 33.962118732356714
37 7 34.96533795493934 34.6793861195259
37 8 36.61178509532063 36.240576413452246
37 9 37.911611785095324 37.8831596108421
37 10 39.168110918544194 39.06361905073605
38 1 14.081455805892547 13.440342489347035
38 2 20.580589254766032 20.15639496774
38 3 23.613518197573658 23.33890354560242
38 4 27.209705372616984 27.36942394558411
38 5 29.376083188908147 29.307091993850282
38 6 32.712305025996535 32.6655100418235
38 7 35.31195840554593 35.14466235276341
38 8 35.4419410745234 35.43928261389341
38 9 36.741767764298096 36.55475795006475
38 10 36.82842287694974 36.723714208236004
39 1 14.168110918544194 14.051343768285204
39 2 22.097053726169843 21.95244432999894
39 3 25.38994800693241 25.13246359558648
39 4 29.506065857885616 29.53781606256365
39 5 32.19237435008665 31.945547047143318
39 6 33.27556325823224 33.176220975644156
39 7 34.48873483535528 34.684089811547956
39 8 34.748700173310226 34.815120561889316
39 9 36.17850953206239 36.243675729669604
39 10 38.04159445407279 38.19821816423757
40 1 14.991334488734836 14.53717972537607
40 2 20.45060658578856 20.099175041466406
40 3 25.433275563258235 25.43095420146412
40 4 28.379549393414212 28.687106621294056
40 5 30.935875216637783 30.95916605828756
40 6 32.92894280762565 32.92893471341621
40 7 35.70190641247834 35.81332875655866
40 8 37.26169844020797 37.40361570333878
40 9 37.26169844020797 37.45676910535356
40 10 38.38821490467937 38.56048978269038
41 1 15.727902946273831 15.207718181670693
41 2 21.057192374350088 20.42449835231659
41 3 24.653379549393414 23.82579869824297
41 4 28.422876949740033 27.557268700158875
41 5 31.152512998266896 30.72684648234198
41 6 32.36568457538995 32.15989053212982
41 7 33.44887348353553 33.413082153056884
41 8 35.70190641247834 35.5235260538626
41 9 36.741767764298096 36.52042584821691
41 10 38.17157712305026 38.00842767501665
42 1 14.948006932409012 13.982163102906469
42 2 22.790294627383016 22.279328401838228
42 3 25.259965337954938 25.27923762110959
42 4 28.422876949740033 28.63277776980074
42 5 31.672443674176776 32.10670156159475
42 6 34.27209705372617 34.59918856809041
42 7 35.008665511265164 35.40606191414706
42 8 36.78509532062392 37.28240658191831
42 9 37.998266897746966 38.2112345261208
42 10 37.78162911611785 37.81380592356595
43 1 15.554592720970536 14.967849175064057
43 2 22.876949740034664 22.571910711042623
43 3 25.0 24.686563105034743
43 4 27.253032928942805 27.105903104011404
43 5 30.24263431542461 30.03211382070346
43 6 31.975736568457542 32.02843840439482
43 7 32.92894280762565 33.13039670860419
43 8 34.835355285961874 35.154442896571595
43 9 36.69844020797227 36.964073069094304
43 10 37.60831889081456 37.78301450720965
44 1 14.211438474870016 13.692115331266367
44 2 20.45060658578856 20.685102971801157
44 3 26.299826689774697 26.303951069340002
44 4 29.20277296360485 29.614246381935637
44 5 31.75909878682842 32.46106371304602
44 6 33.36221837088388 34.11426697093206
44 7 34.79202772963605 35.598144912002276
44 8 35.65857885615251 36.48273909170506
44 9 36.43847487001733 37.0631047640143
44 10 38.34488734835355 38.98268140269505
45 1 13.951473136915077 13.47073715576044
45 2 19.714038128249566 19.36518554167971
45 3 25.216637781629114 24.471956059761233
45 4 28.986135181975737 28.65156949232549
45 5 31.672443674176776 31.492738462958485
45 6 33.925476603119584 33.58358228040116
45 7 35.35528596187175 35.05770735715754
45 8 36.43847487001733 36.30901300892877
45 9 37.3050259965338 36.85532712933306
45 10 39.081455805892546 38.780579433475516
46 1 14.818024263431543 14.083578824116454
46 2 19.540727902946273 19.180884836250016
46 3 23.91681109185442 23.788798145114068
46 4 28.769497400346623 28.483529030023096
46 5 30.63258232235702 30.363584498410212
46 6 33.015597920277294 33.150036587254235
46 7 33.96880415944541 34.037822933341886
46 8 35.008665511265164 35.073880835619036
46 9 37.045060658578855 37.31721766589571
46 10 37.045060658578855 37.18876810047544
47 1 14.601386481802425 14.198208512930252
47 2 20.623916811091856 20.66556640388047
47 3 25.866551126516462 25.767828510008982
47 4 29.02946273830156 28.663207947764807
47 5 31.369150779896017 31.11899381479058
47 6 33.05892547660312 33.019275017029514
47 7 35.008665511265164 35.11093249438507
47 8 35.57192374350087 35.61660627850785
47 9 36.915077989601386 37.12306314525609
47 10 38.73483535528596 38.559290989771085
48 1 14.818024263431543 14.97399212455391
48 2 21.923743500866554 21.82244444865904
48 3 25.736568457538993 25.27311045965901
48 4 29.41941074523397 29.040459339629304
48 5 32.01906412478336 32.00855940883008
48 6 33.70883882149047 33.658037269251636
48 7 34.96533795493934 35.074833810078914
48 8 36.22183708838821 36.55589195648385
48 9 36.61178509532063 36.71606874787078
48 10 37.21837088388215 37.22321320870093
49 1 15.554592720970536 15.310641319597334
49 2 21.143847487001732 20.911662416248774
49 3 26.51646447140381 26.47271725755928
49 4 29.332755632582323 29.21000634527937
49 5 31.152512998266896 30.97989156093724
49 6 32.92894280762565 32.75392639535853
49 7 34.835355285961874 34.386342832792494
49 8 36.13518197573657 35.836484679876854
49 9 37.26169844020797 36.823917086398055
49 10 37.998266897746966 37.73874259843362
50 1 14.991334488734836 14.698699219165281
50 2 20.84055459272097 20.54975421861826
50 3 24.393414211438476 24.328746210588275
50 4 26.949740034662046 27.217591559503678
50 5 29.462738301559792 30.00059727991421
50 6 32.06239168110919 32.10346137062823
50 7 34.748700173310226 34.95402363190688
50 8 36.48180242634315 36.78401988258008
50 9 37.78162911611785 37.70541111779991
50 10 38.73483535528596 38.62562663436724
51 1 15.727902946273831 14.959561363887461
51 2 21.057192374350088 20.448588049711795
51 3 26.8630849220104 26.832506964760324
51 4 30.37261698440208 30.865805358367787
51 5 31.06585788561525 31.403013750380453
51 6 33.188908145580584 33.43327996271155
51 7 34.66204506065858 34.818579027271205
51 8 35.4419410745234 35.27762117241138
51 9 37.39168110918544 37.18028127541219
51 10 38.86481802426343 38.727616172487124
52 1 13.864818024263432 13.441817569161458
52 2 20.45060658578856 19.94947731721891
52 3 24.87001733102253 24.490794031851028
52 4 29.159445407279026 29.164220647171835
52 5 31.455805892547662 31.39163314262239
52 6 34.31542461005199 34.45340507237498
52 7 35.48526863084922 35.25533342156294
52 8 36.52512998266898 36.24104800821586
52 9 36.43847487001733 36.40642204992285
52 10 37.78162911611785 37.705877474682566
53 1 14.601386481802425 14.069937810375565
53 2 21.100519930675908 20.502733224518842
53 3 25.51993067590988 25.1549402850457
53 4 28.336221837088388 27.973340911223985
53 5 31.542461005199307 31.06454558310926
53 6 33.882149046793764 33.40331252288164
53 7 35.35528596187175 35.15409663135192
53 8 35.22530329289428 35.13434855582577
53 9 36.65511265164645 36.81841442897054
53 10 38.43154246100519 38.96360401365466
54 1 13.171577123050259 12.725097941781957
54 2 21.577123050259967 21.713989823942196
54 3 26.559792027729635 26.587746921650616
54 4 28.682842287694974 28.800978669269313
54 5 31.932409012131718 32.41443597869915
54 6 33.49220103986135 33.581981548115245
54 7 33.96880415944541 34.02357086205932
54 8 34.705372616984405 34.90352835543121
54 9 36.48180242634315 36.64863700228787
54 10 37.73830155979203 37.937570972509675
55 1 12.91161178509532 12.382990558589588
55 2 20.88388214904679 20.333216766032727
55 3 25.38994800693241 25.6512308283915
55 4 29.636048526863085 29.8318158972232
55 5 31.022530329289427 31.340527597625684
55 6 32.32235701906412 32.16499642668383
55 7 34.96533795493934 34.70957141438081
55 8 37.3050259965338 37.08857343576052
55 9 38.69150779896014 38.84211242889515
55 10 39.081455805892546 38.60533602662626
56 1 14.731369150779896 13.714686987500299
56 2 20.84055459272097 19.966815883742758
56 3 24.436741767764296 24.04184421207008
56 4 26.03986135181976 26.208663275316514
56 5 28.942807625649912 28.89154634249206
56 6 31.152512998266896 31.451945247412393
56 7 33.015597920277294 33.1039855996067
56 8 34.18544194107452 34.19840456114702
56 9 35.31195840554593 35.28972135787413
56 10 36.65511265164645 36.333046276081205
57 1 14.904679376083187 13.962845412702652
57 2 22.183708838821488 21.89059938123278
57 3 25.043327556325824 24.756275666735014
57 4 28.7261698440208 28.73997594159915
57 5 29.636048526863085 29.883398868008655
57 6 31.845753899480066 31.990415391017716
57 7 34.09878682842288 34.28053756611032
57 8 34.27209705372617 34.622770918627864
57 9 36.741767764298096 36.78601302257093
57 10 37.6949740034662 37.817374779554314
58 1 15.381282495667245 14.332563975092738
58 2 20.667244367417677 19.938026000772773
58 3 26.733102253032932 26.380271874476758
58 4 28.986135181975737 28.644723734925503
58 5 31.542461005199307 31.7339026692864
58 6 33.96880415944541 34.44400588419562
58 7 34.835355285961874 35.09055281964675
58 8 37.045060658578855 37.19472129193651
58 9 37.1317157712305 37.1997909916538
58 10 38.21490467937608 37.98416272477426
59 1 14.124783362218372 13.376703989452263
59 2 20.92720970537262 20.44117353209926
59 3 25.433275563258235 25.18607038059335
59 4 27.55632582322357 27.350440298089556
59 5 30.589254766031193 30.49712782206081
59 6 32.2790294627383 32.07681411922385
59 7 35.008665511265164 34.90970812626395
59 8 35.78856152512998 35.74831596396906
59 9 36.26516464471404 36.603428749553345
59 10 37.21837088388215 37.66635096561352
60 1 14.861351819757365 14.064178046387916
60 2 21.317157712305026 21.059254166468296
60 3 25.38994800693241 25.101916108227982
60 4 28.682842287694974 28.52846526872672
60 5 29.93934142114385 29.959613872198492
60 6 33.882149046793764 33.78897250469043
60 7 35.70190641247834 35.879797952497896
60 8 37.39168110918544 37.481138757494534
60 9 37.56499133448873 37.4469532171369
60 10 38.34488734835355 37.99607597345569
61 1 14.601386481802425 13.64092980743049
61 2 21.837088388214905 21.66076965892565
61 3 25.82322357019064 25.398778463637754
61 4 27.642980935875215 27.444473291206005
61 5 29.54939341421144 29.47697063182797
61 6 31.75909878682842 31.94275026248071
61 7 32.62564991334489 32.96124878385599
61 8 34.835355285961874 34.912653151567305
61 9 36.52512998266898 36.703657852620594
61 10 36.65511265164645 36.90810952129159
62 1 14.644714038128251 14.650488979780151
62 2 21.923743500866554 21.4508872686885
62 3 25.259965337954938 25.176284793545435
62 4 28.899480069324092 28.912283665893813
62 5 31.672443674176776 31.766735585685517
62 6 32.36568457538995 32.37857344456159
62 7 33.49220103986135 33.47956016888124
62 8 35.918544194107454 35.84735776096748
62 9 37.56499133448873 37.18516303805731
62 10 38.43154246100519 38.514887882927546
63 1 14.601386481802425 14.740971149708157
63 2 21.143847487001732 20.930023278642977
63 3 25.779896013864818 25.58360846313667
63 4 29.506065857885616 29.689456166399196
63 5 30.979202772963603 31.291453303874412
63 6 32.582322357019066 32.700401274733025
63 7 34.18544194107452 33.95880735071937
63 8 34.922010398613516 34.66995482543148
63 9 36.04852686308492 35.74657658217853
63 10 37.001733102253034 36.65279132067114
64 1 15.294627383015596 15.015423182257019
64 2 20.84055459272097 20.580640225667775
64 3 25.779896013864818 25.474820813930897
64 4 29.289428076256502 29.08685992037945
64 5 31.932409012131718 31.695750946326257
64 6 33.75216637781629 33.766809950953856
64 7 35.48526863084922 35.55741555013938
64 8 35.918544194107454 35.907892137908206
64 9 36.95840554592721 36.82494031955962
64 10 37.60831889081456 37.70405265775747
65 1 13.778162911611785 13.714394928741525
65 2 19.80069324090121 19.825941778227076
65 3 26.689774696707108 26.765019283188867
65 4 30.24263431542461 30.263332460237613
65 5 32.92894280762565 33.38820099614656
65 6 33.40554592720971 33.81349616537416
65 7 35.875216637781634 36.40643363756287
65 8 37.65164644714038 37.928855391972355
65 9 38.95147313691508 39.0850088211814
65 10 40.294627383015595 40.26457127784764
66 1 15.424610051993067 14.507888416405814
66 2 21.273830155979205 21.178561978822508
66 3 26.299826689774697 25.80001920815454
66 4 29.506065857885616 29.178609596923046
66 5 30.54592720970537 30.17172652495131
66 6 31.802426343154245 31.637490718951582
66 7 34.48873483535528 34.50767995183428
66 8 36.17850953206239 36.34094553387784
66 9 37.8682842287695 37.94222060882636
66 10 37.998266897746966 38.155043249130934
67 1 15.077989601386482 14.946436380999268
67 2 22.097053726169843 21.685717577143052
67 3 26.256499133448873 26.171058045600432
67 4 30.155979202772965 30.392139236736625
67 5 32.582322357019066 32.647155500327415
67 6 34.35875216637781 34.60588770603997
67 7 34.48873483535528 34.81831653905154
67 8 35.31195840554593 35.81003371824667
67 9 36.871750433275565 37.396716542587605
67 10 38.73483535528596 39.01055760939286
68 1 14.991334488734836 14.493634555027448
68 2 20.7105719237435 20.865328528400212
68 3 25.779896013864818 25.779318164784886
68 4 28.812824956672443 28.926021729300654
68 5 30.24263431542461 30.43996135423815
68 6 33.05892547660312 32.84067878987982
68 7 35.39861351819758 35.275956589991026
68 8 35.57192374350087 35.56783786341185
68 9 36.82842287694974 36.84065599121237
68 10 37.954939341421145 38.12807323909108
69 1 14.124783362218372 13.510303507121325
69 2 20.45060658578856 19.88940456418767
69 3 26.03986135181976 25.885512887879813
69 4 29.59272097053726 29.74612645913893
69 5 31.23916811091854 31.504104451660897
69 6 33.05892547660312 32.928316307729375
69 7 34.96533795493934 34.744841561736365
69 8 35.57192374350087 35.44188008066058
69 9 36.65511265164645 36.72118677107042
69 10 39.29809358752166 39.282148440357595
70 1 15.424610051993067 15.168001425278641
70 2 21.403812824956674 21.146020313860294
70 3 26.213171577123052 26.10669688886331
70 4 30.06932409012132 30.253754277243043
70 5 31.58578856152513 31.746884478919814
70 6 34.01213171577123 34.428172544561505
70 7 35.051993067590985 35.205051712074436
70 8 36.48180242634315 36.662564589106644
70 9 37.26169844020797 37.37879518789169
70 10 38.77816291161179 38.925001494379565
71 1 13.474870017331023 12.289554379723164
71 2 20.01733102253033 19.490956515582084
71 3 25.38994800693241 24.83011678246058
71 4 28.119584055459274 27.917009267393333
71 5 30.06932409012132 30.034022216502333
71 6 32.14904679376083 32.03765945452108
71 7 33.53552859618718 33.469843638877386
71 8 35.57192374350087 35.13065936982237
71 9 37.17504332755633 37.08335947074834
71 10 37.56499133448873 37.42569943796451
72 1 14.558058925476603 13.30356845520742
72 2 22.920277296360485 22.422210023557124
72 3 26.733102253032932 27.120850000178404
72 4 29.72270363951473 29.97638642338719
72 5 30.329289428076255 30.78108644652336
72 6 34.01213171577123 34.61477777404608
72 7 35.65857885615251 35.96267352534068
72 8 38.21490467937608 38.68191221662411
72 9 37.73830155979203 38.07101554100294
72 10 37.8682842287695 38.14884531066891
73 1 16.11785095320624 14.84048737807854
73 2 21.49046793760832 20.57803048159544
73 3 26.213171577123052 25.912885080240823
73 4 28.596187175043326 28.610522485334155
73 5 32.23570190641248 32.16644306917908
73 6 32.32235701906412 32.28989310340177
73 7 34.01213171577123 33.99282818023946
73 8 35.875216637781634 36.10808694532257
73 9 37.56499133448873 37.87852894013412
73 10 38.30155979202773 38.1068092864118
74 1 14.341421143847487 13.607501792396521
74 2 21.663778162911612 21.09091040700161
74 3 24.826689774696707 24.405045249097945
74 4 28.119584055459274 28.002083630138813
74 5 31.109185441941072 31.146951297499744
74 6 32.36568457538995 32.587151024748636
74 7 34.05545927209705 34.140453678341
74 8 35.35528596187175 35.40093690205181
74 9 36.82842287694974 36.84741512340532
74 10 37.52166377816291 37.64337896807903
75 1 15.944540727902945 15.042569033431604
75 2 21.36048526863085 20.667581119063065
75 3 27.29636048526863 27.049427921654868
75 4 28.812824956672443 28.78980861544885
75 5 31.542461005199307 32.09131657470489
75 6 33.31889081455806 33.7801006843632
75 7 36.741767764298096 37.2661579954307
75 8 37.43500866551127 37.98326814433868
75 9 36.52512998266898 36.976717378550816
75 10 37.954939341421145 38.40129995987937
76 1 16.11785095320624 16.094417213461643
76 2 22.573656845753902 22.51731643928862
76 3 26.689774696707108 26.692246620428996
76 4 29.41941074523397 29.493804563858433
76 5 34.01213171577123 34.436452902273814
76 6 34.922010398613516 35.29007597777472
76 7 37.39168110918544 37.92137699757045
76 8 38.56152512998267 38.57958135419706
76 9 39.77469670710572 39.78833735583249
76 10 40.94454072790295 41.1392550166555
77 1 15.207972270363951 14.774539019319008
77 2 21.923743500866554 21.547396917208605
77 3 25.909878682842287 25.935584131961072
77 4 29.896013864818023 29.767990134684787
77 5 31.412478336221838 31.149614289262917
77 6 33.36221837088388 33.37018902680138
77 7 35.78856152512998 36.16378159609353
77 8 36.52512998266898 36.76492340314153
77 9 37.60831889081456 37.63723798859873
77 10 38.128249566724435 38.02105370494857
78 1 14.558058925476603 14.043896500504918
78 2 19.75736568457539 19.213205605719352
78 3 25.736568457538993 25.713348089545356
78 4 29.54939341421144 29.43808221758758
78 5 31.109185441941072 31.228309513706172
78 6 32.885615251299825 33.20386848126019
78 7 34.96533795493934 35.33210007047316
78 8 36.43847487001733 36.69186220509304
78 9 37.56499133448873 37.949719822035505
78 10 37.6949740034662 37.99004996510682
79 1 15.424610051993067 14.225283014044606
79 2 20.01733102253033 19.871671894206887
79 3 25.82322357019064 25.738844025618157
79 4 29.376083188908147 29.44732542209906
79 5 31.75909878682842 32.349920682811074
79 6 33.925476603119584 34.31077704789012
79 7 34.748700173310226 34.971616264427254
79 8 35.831889081455806 36.104455603336305
79 9 36.35181975736568 36.52236975382344
79 10 38.04159445407279 38.246532824675256
80 1 13.821490467937608 13.299151887125852
80 2 20.84055459272097 20.457151269322807
80 3 24.48006932409012 24.157564307104135
80 4 28.422876949740033 28.117682247252574
80 5 31.542461005199307 31.356792989998684
80 6 32.62564991334489 32.232816145471006
80 7 34.96533795493934 34.84697251683526
80 8 37.001733102253034 37.09163115651313
80 9 37.78162911611785 38.25356617431401
80 10 38.51819757365685 38.94762965587157
81 1 14.688041594454074 14.271716889623006
81 2 20.623916811091856 19.854387463932845
81 3 25.043327556325824 24.913345162500576
81 4 28.162911611785095 27.799667057123443
81 5 29.636048526863085 29.364744487602195
81 6 32.14904679376083 32.13155508277919
81 7 32.92894280762565 32.771233730206475
81 8 34.35875216637781 34.25486548921956
81 9 36.95840554592721 36.88082276052234
81 10 37.73830155979203 37.86547766964068
82 1 15.294627383015596 14.392934070570403
82 2 21.23050259965338 20.525176448288644
82 3 27.16637781629116 26.73454181983915
82 4 28.639514731369154 28.1527575416168
82 5 31.75909878682842 31.18861227074418
82 6 33.838821490467936 33.50430998494792
82 7 35.52859618717504 35.20076188925279
82 8 35.61525129982669 35.28004256238335
82 9 36.69844020797227 36.69102848184832
82 10 37.39168110918544 37.283895022197875
83 1 14.948006932409012 14.521385844130364
83 2 21.837088388214905 21.507424280276968
83 3 24.956672443674176 24.859841708847384
83 4 28.856152512998268 28.98008100402959
83 5 31.28249566724437 31.208315425486184
83 6 33.188908145580584 32.889083866561165
83 7 35.13864818024263 34.95057603971688
83 8 36.65511265164645 36.06158435230695
83 9 37.34835355285962 37.22660839286522
83 10 38.6048526863085 38.24903831087497
84 1 15.857885615251298 14.848443941896889
84 2 21.923743500866554 21.18850884346924
84 3 25.693240901213173 25.570766172799097
84 4 29.462738301559792 29.74868227859625
84 5 31.499133448873483 31.43022255343442
84 6 33.188908145580584 33.47849271820836
84 7 33.75216637781629 34.0358413027999
84 8 35.70190641247834 35.80814630560364
84 9 36.52512998266898 36.5986671627879
84 10 37.73830155979203 37.948622308470675
85 1 15.901213171577123 15.652440295108242
85 2 22.097053726169843 22.081885435179764
85 3 26.03986135181976 25.863307548958446
85 4 28.466204506065857 28.668614892876786
85 5 31.022530329289427 31.140013972367512
85 6 32.97227036395147 33.07377712085632
85 7 35.31195840554593 35.397838324697744
85 8 35.961871750433275 36.040837547520326
85 9 37.47833622183709 37.82290825260445
85 10 38.51819757365685 38.805098468826344
86 1 14.904679376083187 14.387955136345898
86 2 23.223570190641247 22.107665323568668
86 3 27.469670710571926 27.21875188912292
86 4 30.459272097053724 30.36389112761833
86 5 33.49220103986135 33.14800428314362
86 6 34.27209705372617 34.142361114290765
86 7 36.17850953206239 36.068890856162675
86 8 37.56499133448873 37.68041501621714
86 9 38.56152512998267 38.390069458908634
86 10 38.128249566724435 37.7908679708046
87 1 12.435008665511265 11.70174817073174
87 2 19.194107452339686 18.68387680076356
87 3 24.306759098786827 24.181586859471906
87 4 27.599653379549395 27.425334866079503
87 5 30.849220103986134 30.622940522556924
87 6 32.668977469670715 32.5062386684082
87 7 34.922010398613516 34.828322561368346
87 8 36.56845753899481 36.556109328473525
87 9 37.3050259965338 37.55018006898533
87 10 38.43154246100519 38.69788971799714
88 1 15.554592720970536 14.151017407029393
88 2 22.05372616984402 21.56216605622982
88 3 26.126516464471404 25.7603338885145
88 4 29.766031195840554 30.114521208314333
88 5 30.979202772963603 31.186876930680707
88 6 32.885615251299825 32.76609827638871
88 7 34.44540727902946 34.4176947455329
88 8 35.74523396880416 35.472192763993675
88 9 37.17504332755633 36.774030387408665
88 10 37.47833622183709 37.07456428848279
89 1 16.377816291161178 15.420471023994125
89 2 21.403812824956674 20.69212835148102
89 3 26.126516464471404 25.72479302465957
89 4 29.41941074523397 29.163938537114483
89 5 31.499133448873483 31.140525970391213
89 6 32.798960138648184 32.816733097479656
89 7 34.922010398613516 35.04327672442792
89 8 36.35181975736568 36.600143680421745
89 9 38.084922010398614 38.331263701798584
89 10 39.081455805892546 39.00049343175339
90 1 13.604852686308492 13.187596574156544
90 2 19.714038128249566 19.315220571775335
90 3 23.613518197573658 23.721099793381086
90 4 25.99653379549394 25.995767137374813
90 5 30.025996533795496 29.897220229863585
90 6 32.14904679376083 32.268687872727114
90 7 34.01213171577123 33.88775550426123
90 8 34.96533795493934 34.808508509671825
90 9 37.39168110918544 37.30569426978951
90 10 38.084922010398614 37.968722690919535
91 1 15.03466204506066 15.142260418949977
91 2 21.317157712305026 20.887650390199802
91 3 26.51646447140381 26.330838106729566
91 4 30.415944540727903 30.609937045265028
91 5 32.712305025996535 33.22448242396493
91 6 34.48873483535528 34.650256595051374
91 7 34.79202772963605 34.86379595665353
91 8 36.35181975736568 36.33648236613789
91 9 37.47833622183709 37.48850865821851
91 10 38.56152512998267 38.45940264424545
92 1 14.124783362218372 12.98719724561154
92 2 20.493934142114384 19.71862850952926
92 3 26.213171577123052 25.29731495741554
92 4 28.249566724436743 27.720549564355252
92 5 30.329289428076255 29.87140487324751
92 6 31.715771230502597 31.53215859327879
92 7 33.14558058925476 32.96759810711794
92 8 35.13864818024263 34.99977170895808
92 9 36.61178509532063 36.606892781381646
92 10 38.38821490467937 38.24942689372354
93 1 16.11785095320624 15.562863246968032
93 2 22.703639514731368 22.285373735443528
93 3 26.16984402079723 26.09261457150767
93 4 28.509532062391678 28.58401132664809
93 5 31.325823223570193 31.668191837121718
93 6 33.62218370883882 33.74157231846597
93 7 35.13864818024263 35.3592069758458
93 8 35.65857885615251 35.684087041970294
93 9 37.43500866551127 37.44138415129542
93 10 37.43500866551127 37.468272879139136
94 1 13.648180242634314 12.716849465144417
94 2 20.320623916811094 20.004578579761034
94 3 24.133448873483534 23.970824469700986
94 4 27.469670710571926 27.601450425403478
94 5 30.89254766031196 30.864503112520175
94 6 33.188908145580584 33.543379305177346
94 7 33.62218370883882 33.81023674178878
94 8 35.31195840554593 35.535205742423415
94 9 36.22183708838821 36.548583634184396
94 10 36.48180242634315 36.70953800727469
95 1 14.861351819757365 14.281319419371808
95 2 21.447140381282495 21.10766680504335
95 3 25.866551126516462 25.751323651299124
95 4 27.55632582322357 27.964757863897248
95 5 30.89254766031196 30.903157001954224
95 6 32.40901213171577 32.293798162945684
95 7 34.31542461005199 34.37349190053523
95 8 35.26863084922011 34.92863373810239
95 9 37.52166377816291 37.38975172857909
95 10 37.52166377816291 37.46858958489217
96 1 13.69150779896014 13.671678692643487
96 2 20.92720970537262 20.4867629864843
96 3 24.956672443674176 24.554588012787498
96 4 28.119584055459274 27.892712057256492
96 5 30.37261698440208 30.386144592883596
96 6 32.40901213171577 32.372266270923255
96 7 33.70883882149047 33.69613969829776
96 8 35.52859618717504 35.60495805986258
96 9 36.95840554592721 36.946995571260146
96 10 37.56499133448873 37.5745742917102
97 1 15.03466204506066 14.17045741316588
97 2 22.097053726169843 21.179239459853815
97 3 26.256499133448873 25.596798818846526
97 4 28.509532062391678 28.022951086546726
97 5 30.89254766031196 30.36105226112118
97 6 32.582322357019066 32.656623663389425
97 7 33.44887348353553 33.54062142394248
97 8 34.79202772963605 34.642637856733025
97 9 36.741767764298096 36.798096335467825
97 10 38.258232235701904 38.35828723752839
98 1 14.341421143847487 13.304122737961402
98 2 19.36741767764298 18.941569185594393
98 3 24.653379549393414 24.189764766325585
98 4 28.986135181975737 28.74918348770269
98 5 31.022530329289427 31.194427090354576
98 6 33.36221837088388 33.46757155706122
98 7 35.13864818024263 35.22781465827006
98 8 35.74523396880416 35.93039560373106
98 9 37.52166377816291 37.57450956417076
98 10 38.38821490467937 38.20582035650871
99 1 15.814558058925476 15.231007716455014
99 2 22.573656845753902 22.510679585371513
99 3 26.51646447140381 26.2930759073623
99 4 29.98266897746967 30.232331273028816
99 5 32.97227036395147 33.333609690092516
99 6 34.1421143847487 34.24870887764235
99 7 35.48526863084922 35.410780108228195
99 8 36.0051993067591 35.85266803818101
99 9 38.56152512998267 38.32023452053403
99 10 39.168110918544194 39.150135950165584
