1 320 223
2 500 347
3 500 375
4 500 335
5 350 350
6 500 357
7 331 380
8 500 392
9 500 338
10 350 350
11 500 332
12 500 340
13 500 333
14 448 272
15 500 332
16 500 500
17 500 335
18 500 360
19 307 500
20 500 391
21 455 450
22 500 390
23 500 337
24 240 187
25 288 192
26 500 385
27 200 200
28 389 500
29 415 500
30 500 441
31 346 500
32 376 322
33 500 375
34 335 400
35 500 334
36 216 136
37 339 500
38 500 375
39 500 375
40 500 333
41 333 500
42 500 307
43 500 333
44 375 500
45 500 335
46 500 333
47 500 333
48 500 312
49 500 397
50 500 478
51 500 340
52 500 375
53 500 333
54 500 332
55 500 314
56 500 333
57 500 375
58 333 500
59 500 333
60 500 333
61 500 375
62 500 375
63 500 375
64 500 367
65 500 333
66 500 334
67 500 331
68 500 375
69 500 500
70 500 337
71 500 500
72 500 375
73 330 500
74 500 309
75 500 357
76 500 480
77 500 333
78 320 240
79 500 313
80 500 334
81 500 334
82 450 352
83 300 284
84 350 500
85 500 411
86 500 400
87 500 357
88 500 375
89 500 332
90 400 500
91 500 320
92 500 370
93 500 322
94 375 500
95 500 332
96 500 500
97 500 333
98 500 364
99 466 282
100 500 333
101 250 188
102 500 484
103 500 375
104 500 333
105 500 345
106 500 333
107 500 334
108 500 334
109 500 360
110 500 332
111 500 375
112 500 333
113 500 333
114 500 337
115 375 500
116 420 280
117 500 332
118 500 334
119 500 375
120 500 375
121 500 375
122 500 333
123 500 375
124 500 349
125 347 500
126 333 500
127 500 375
128 397 500
129 500 372
130 500 500
131 333 500
132 479 500
133 500 374
134 308 500
135 500 357
136 500 375
137 500 375
138 500 375
139 500 335
140 500 398
141 500 371
142 500 375
143 500 444
144 333 500
145 324 480
146 500 375
147 500 400
148 334 500
149 500 478
150 279 381
151 261 320
152 317 500
153 271 404
154 500 421
155 500 333
156 301 465
157 344 500
158 335 500
159 348 500
160 271 404
161 376 500
162 337 500
163 334 500
164 500 402
165 425 500
166 500 399
167 500 334
168 500 339
169 500 403
170 500 363
171 500 333
172 271 404
173 429 340
174 271 404
175 220 330
176 500 375
177 500 374
178 500 426
179 500 333
180 271 404
181 324 500
182 500 333
183 334 500
184 381 249
185 390 500
186 500 373
187 300 286
188 227 350
189 500 334
190 360 430
191 360 360
192 400 500
193 200 300
194 277 500
195 359 500
196 500 333
197 500 333
198 366 500
199 500 375
200 500 344
201 500 366
202 229 284
203 351 500
204 401 500
205 334 500
206 357 500
207 365 500
208 500 334
209 121 170
210 360 430
211 350 466
212 352 500
213 500 375
214 497 500
215 230 178
216 500 348
217 500 333
218 363 500
219 369 500
220 334 500
221 500 363
222 500 356
223 319 480
224 351 500
225 300 254
226 334 500
227 500 408
228 335 500
229 500 341
230 500 500
231 250 202
232 400 253
233 500 350
234 500 500
235 350 291
236 418 300
237 500 265
238 250 328
239 400 287
240 500 396
241 500 334
242 400 290
243 500 500
244 500 375
245 415 271
246 500 396
247 420 280
248 500 333
249 500 335
250 500 375
251 420 280
252 500 333
253 500 405
254 500 333
255 500 333
256 500 393
257 247 149
258 500 375
259 230 158
260 500 500
261 500 466
262 500 497
263 500 423
264 480 397
265 459 500
266 500 334
267 500 332
268 500 375
269 500 298
270 500 448
271 500 332
272 500 311
273 500 439
274 494 500
275 500 355
276 357 500
277 500 364
278 500 243
279 500 333
280 500 400
281 500 402
282 500 375
283 423 500
284 500 386
285 300 200
286 500 364
287 500 398
288 500 333
289 500 352
290 500 375
291 500 375
292 500 374
293 408 500
294 375 500
295 334 500
296 375 500
297 500 333
298 500 322
299 500 278
300 500 400
301 420 498
302 500 332
303 500 375
304 500 318
305 408 500
306 500 375
307 356 500
308 333 500
309 500 333
310 500 475
311 400 500
312 500 333
313 500 400
314 500 375
315 500 333
316 500 375
317 500 356
318 500 355
319 357 500
320 500 386
321 500 342
322 500 333
323 500 301
324 500 375
325 500 375
326 500 335
327 500 409
328 365 500
329 500 353
330 500 348
331 354 500
332 446 500
333 500 334
334 500 333
335 500 464
336 500 333
337 500 411
338 500 335
339 500 333
340 500 375
341 500 333
342 500 368
343 500 357
344 500 333
345 500 333
346 500 407
347 500 375
348 500 353
349 500 383
350 500 429
351 418 218
352 500 357
353 500 332
354 500 350
355 500 334
356 500 500
357 400 500
358 500 493
359 500 441
360 500 318
361 500 328
362 500 386
363 418 500
364 468 500
365 500 349
366 500 379
367 500 357
368 500 375
369 500 384
370 500 386
371 500 443
372 500 333
373 500 333
374 500 454
375 500 333
376 500 334
377 418 500
378 500 333
379 442 500
380 363 500
381 401 500
382 306 460
383 500 375
384 500 337
385 500 488
386 500 368
387 500 332
388 500 333
389 333 500
390 500 367
391 500 325
392 500 375
393 500 391
394 412 500
395 500 337
396 500 336
397 500 406
398 447 500
399 500 332
400 360 240
401 446 500
402 500 375
403 500 333
404 500 376
405 500 370
406 396 500
407 500 334
408 500 390
409 500 374
410 500 375
411 401 500
412 386 500
413 500 333
414 376 500
415 500 333
416 500 373
417 500 318
418 500 323
419 378 500
420 500 328
421 500 357
422 500 375
423 500 471
424 500 375
425 500 371
426 500 375
427 500 394
428 500 333
429 500 340
430 500 334
431 333 500
432 500 500
433 500 348
434 500 461
435 500 385
436 360 288
437 500 427
438 500 304
439 500 333
440 438 500
441 500 372
442 500 375
443 500 500
444 500 340
445 500 302
446 500 333
447 500 474
448 333 500
449 500 422
450 484 500
451 500 384
452 477 279
453 500 333
454 500 375
455 500 366
456 500 345
457 500 333
458 500 333
459 500 368
460 500 375
461 500 375
462 500 455
463 500 333
464 500 375
465 500 375
466 500 375
467 432 288
468 500 359
469 500 282
470 500 333
471 500 333
472 434 500
473 367 500
474 500 375
475 500 356
476 500 400
477 489 500
478 500 500
479 424 500
480 500 334
481 371 500
482 500 420
483 264 500
484 500 326
485 500 400
486 432 288
487 420 280
488 500 460
489 500 473
490 493 500
491 500 230
492 500 433
493 500 357
494 500 359
495 436 500
496 500 485
497 500 366
498 500 400
499 415 500
500 430 500
501 500 333
502 400 500
503 500 317
504 439 500
505 309 500
506 500 342
507 500 333
508 500 318
509 500 409
510 500 332
511 346 432
512 398 500
513 500 389
514 500 332
515 467 500
516 500 404
517 500 340
518 500 339
519 500 478
520 500 333
521 500 333
522 500 486
523 500 362
524 335 500
525 500 333
526 333 500
527 500 333
528 500 394
529 500 324
530 500 358
531 500 375
532 500 365
533 400 500
534 500 449
535 500 420
536 500 349
537 400 500
538 401 500
539 500 411
540 500 324
541 500 495
542 500 475
543 500 397
544 500 393
545 500 333
546 500 375
547 500 333
548 500 464
549 333 500
550 500 427
551 500 375
552 500 434
553 500 375
554 431 500
555 500 333
556 388 500
557 500 407
558 500 362
559 500 250
560 500 333
561 500 429
562 500 338
563 500 390
564 333 500
565 500 330
566 377 500
567 500 375
568 500 393
569 420 500
570 500 375
571 500 397
572 399 500
573 500 375
574 500 409
575 500 334
576 500 353
577 407 500
578 500 348
579 382 500
580 500 375
581 352 500
582 500 390
583 246 314
584 500 400
585 360 284
586 332 500
587 400 266
588 500 333
589 500 333
590 500 375
591 500 397
592 200 133
593 239 320
594 404 271
595 414 300
596 361 383
597 307 500
598 500 335
599 500 347
600 500 327
601 500 333
602 300 226
603 500 375
604 500 333
605 500 333
606 333 500
607 177 131
608 500 333
609 500 333
610 500 392
611 500 411
612 500 333
613 500 333
614 500 307
615 500 400
616 500 333
617 500 346
618 500 388
619 500 473
620 500 333
621 416 304
622 500 425
623 500 333
624 500 375
625 481 393
626 500 331
627 500 360
628 500 449
629 375 500
630 500 375
631 500 338
632 500 333
633 333 500
634 500 403
635 500 333
636 500 333
637 363 500
638 500 315
639 500 333
640 500 333
641 500 443
642 500 375
643 500 357
644 500 333
645 460 366
646 500 353
647 500 333
648 500 422
649 500 415
650 500 399
651 500 400
652 500 347
653 500 324
654 369 500
655 500 375
656 500 333
657 333 500
658 500 468
659 500 378
660 500 340
661 500 334
662 500 318
663 500 401
664 500 336
665 500 375
666 375 500
667 500 333
668 300 286
669 280 227
670 375 500
671 500 334
672 273 382
673 500 343
674 500 333
675 418 500
676 357 500
677 500 345
678 500 375
679 500 333
680 500 329
681 500 326
682 500 375
683 500 327
684 500 333
685 500 334
686 500 413
687 500 351
688 500 439
689 500 400
690 500 425
691 500 326
692 500 310
693 500 371
694 427 500
695 500 357
696 500 500
697 481 500
698 500 375
699 500 375
700 500 374
701 400 500
702 500 374
703 500 358
704 500 426
705 500 333
706 500 354
707 500 382
708 450 349
709 500 297
710 500 333
711 334 500
712 500 357
713 500 424
714 500 356
715 500 422
716 500 333
717 356 500
718 500 333
719 500 366
720 500 370
721 500 333
722 453 340
723 500 360
724 500 393
725 500 334
726 500 332
727 360 326
728 500 354
729 500 343
730 230 155
731 429 290
732 376 325
733 500 333
734 500 308
735 500 402
736 500 291
737 380 253
738 333 500
739 359 296
740 357 500
741 500 276
742 500 375
743 500 320
744 500 375
745 500 375
746 418 500
747 500 435
748 500 347
749 500 375
750 500 410
751 500 400
752 500 333
753 500 382
754 500 381
755 500 310
756 407 500
757 500 333
758 375 500
759 500 333
760 497 500
761 500 334
762 500 333
763 500 333
764 500 333
765 500 333
766 500 333
767 306 500
768 500 409
769 500 335
770 500 333
771 375 500
772 500 375
773 395 500
774 500 309
775 500 344
776 500 500
777 500 333
778 500 379
779 500 333
780 500 350
781 500 363
782 331 500
783 333 500
784 333 500
785 452 500
786 500 333
787 333 500
788 333 500
789 500 375
790 500 441
791 500 471
792 330 500
793 500 375
794 500 347
795 343 500
796 500 333
797 334 500
798 271 404
799 500 419
800 500 319
801 500 313
802 311 500
803 334 500
804 180 270
805 231 350
806 295 500
807 333 500
808 500 446
809 333 500
810 433 290
811 298 400
812 350 350
813 334 500
814 362 500
815 500 369
816 333 500
817 500 250
818 258 381
819 500 333
820 500 369
821 500 500
822 271 404
823 500 375
824 500 340
825 500 333
826 500 375
827 500 400
828 500 393
829 500 375
830 500 333
831 500 375
832 356 500
833 470 500
834 332 500
835 500 340
836 375 500
837 382 500
838 500 386
839 500 357
840 500 350
841 350 500
842 500 333
843 398 500
844 387 500
845 500 319
846 500 346
847 500 460
848 335 500
849 500 333
850 500 386
851 375 500
852 500 400
853 500 437
854 500 333
855 500 333
856 500 333
857 342 500
858 359 500
859 500 400
860 395 500
861 500 375
862 208 137
863 500 400
864 500 407
865 500 391
866 500 333
867 500 490
868 500 350
869 500 315
870 500 333
871 500 333
872 341 500
873 375 500
874 379 329
875 500 338
876 417 500
877 500 247
878 500 333
879 500 333
880 500 319
881 500 500
882 500 375
883 500 339
884 500 414
885 500 400
886 500 373
887 350 234
888 500 426
889 500 375
890 500 375
891 500 362
892 500 327
893 500 398
894 500 306
895 479 500
896 500 334
897 358 500
898 500 332
899 500 333
900 500 375
901 500 391
902 400 288
903 500 375
904 359 288
905 420 315
906 350 305
907 500 375
908 500 375
909 500 492
910 280 191
911 500 346
912 500 333
913 500 362
914 500 495
915 500 375
916 500 333
917 500 333
918 334 500
919 500 375
920 440 418
921 500 361
922 500 333
923 500 377
924 333 500
925 450 308
926 500 334
927 500 333
928 340 420
929 395 500
930 415 296
931 402 500
932 357 500
933 500 313
934 324 500
935 333 500
936 486 500
937 500 333
938 361 500
939 342 500
940 500 378
941 417 500
942 410 500
943 333 500
944 360 500
945 364 500
946 402 500
947 500 334
948 333 500
949 343 500
950 500 319
951 333 500
952 456 387
953 500 500
954 500 335
955 500 415
956 500 334
957 359 500
958 500 500
959 500 451
960 357 500
961 346 500
962 490 500
963 389 500
964 393 500
965 500 387
966 322 500
967 341 500
968 357 500
969 500 400
970 500 333
971 500 333
972 500 354
973 500 375
974 334 500
975 500 356
976 500 334
977 500 392
978 500 299
979 500 367
980 500 360
981 500 333
982 500 500
983 500 399
984 500 333
985 500 374
986 500 360
987 500 339
988 375 500
989 500 375
990 500 333
991 500 334
992 500 401
993 500 399
994 500 375
995 500 375
996 500 333
997 500 375
998 500 354
999 416 500
1000 363 500
1001 500 375
1002 500 332
1003 500 375
1004 333 500
1005 500 391
1006 500 330
1007 500 333
1008 500 333
1009 500 374
1010 500 333
1011 368 500
1012 500 331
1013 500 332
1014 500 396
1015 500 376
1016 500 411
1017 500 375
1018 500 333
1019 357 500
1020 500 466
1021 366 500
1022 500 376
1023 500 375
1024 500 375
1025 500 474
1026 500 375
1027 500 402
1028 500 332
1029 500 375
1030 500 376
1031 500 428
1032 500 388
1033 433 500
1034 500 379
1035 500 333
1036 500 331
1037 500 375
1038 500 333
1039 456 311
1040 500 400
1041 500 333
1042 400 500
1043 500 400
1044 500 375
1045 500 373
1046 500 339
1047 500 342
1048 353 500
1049 334 500
1050 500 447
1051 500 400
1052 500 333
1053 500 333
1054 400 500
1055 350 233
1056 300 325
1057 500 375
1058 333 500
1059 500 375
1060 272 182
1061 400 500
1062 500 400
1063 500 400
1064 395 500
1065 306 500
1066 500 342
1067 500 333
1068 500 333
1069 400 313
1070 333 500
1071 389 500
1072 343 500
1073 400 500
1074 299 450
1075 333 500
1076 300 275
1077 500 466
1078 370 238
1079 500 333
1080 500 375
1081 339 500
1082 230 277
1083 500 333
1084 383 500
1085 300 496
1086 500 433
1087 300 288
1088 500 336
1089 500 333
1090 267 400
1091 500 333
1092 500 335
1093 500 375
1094 500 365
1095 500 440
1096 220 218
1097 500 375
1098 357 500
1099 305 500
1100 469 352
1101 500 316
1102 500 387
1103 350 350
1104 236 320
1105 420 500
1106 375 500
1107 500 333
1108 378 500
1109 386 500
1110 379 500
1111 500 361
1112 357 500
1113 362 500
1114 366 500
1115 500 442
1116 500 346
1117 500 325
1118 500 333
1119 500 400
1120 500 375
1121 407 500
1122 333 500
1123 357 500
1124 500 400
1125 500 341
1126 500 356
1127 500 333
1128 436 500
1129 334 500
1130 356 500
1131 400 500
1132 500 395
1133 333 500
1134 500 401
1135 500 313
1136 400 500
1137 400 500
1138 333 500
1139 500 395
1140 333 500
1141 500 366
1142 500 347
1143 500 375
1144 418 500
1145 500 400
1146 500 333
1147 265 289
1148 439 500
1149 500 333
1150 500 373
1151 500 333
1152 499 500
1153 500 387
1154 493 500
1155 459 500
1156 372 500
1157 500 333
1158 400 228
1159 500 400
1160 300 247
1161 500 354
1162 500 375
1163 500 396
1164 400 289
1165 500 417
1166 500 310
1167 455 500
1168 500 375
1169 500 334
1170 500 319
1171 381 500
1172 500 331
1173 500 375
1174 500 375
1175 500 333
1176 350 322
1177 500 334
1178 500 327
1179 500 375
1180 304 500
1181 333 500
1182 500 370
1183 500 375
1184 500 333
1185 500 383
1186 333 500
1187 500 400
1188 500 384
1189 500 375
1190 500 314
1191 500 362
1192 495 500
1193 500 360
1194 500 334
1195 500 375
1196 500 363
1197 500 392
1198 500 374
1199 500 350
1200 500 344
1201 500 195
1202 500 334
1203 375 500
1204 500 333
1205 500 325
1206 500 400
1207 500 375
1208 500 333
1209 500 333
1210 500 364
1211 400 500
1212 500 500
1213 500 340
1214 500 358
1215 500 348
1216 500 463
1217 500 335
1218 500 500
1219 500 463
1220 300 450
1221 400 500
1222 500 357
1223 500 375
1224 500 401
1225 500 500
1226 500 333
1227 500 333
1228 500 375
1229 357 500
1230 500 332
1231 288 500
1232 500 333
1233 342 500
1234 500 333
1235 500 333
1236 431 500
1237 416 500
1238 375 500
1239 500 353
1240 500 399
1241 333 500
1242 500 304
1243 401 500
1244 332 500
1245 500 328
1246 500 365
1247 458 500
1248 500 211
1249 476 500
1250 500 333
1251 500 377
1252 500 500
1253 500 331
1254 500 334
1255 500 400
1256 288 216
1257 500 500
1258 500 371
1259 368 500
1260 386 500
1261 500 333
1262 230 174
1263 382 500
1264 371 400
1265 500 346
1266 500 415
1267 500 350
1268 500 420
1269 500 375
1270 500 333
1271 400 285
1272 500 360
1273 500 375
1274 500 477
1275 500 362
1276 400 500
1277 275 260
1278 352 500
1279 500 357
1280 494 500
1281 325 488
1282 350 500
1283 140 160
1284 500 333
1285 500 365
1286 500 332
1287 500 355
1288 500 370
1289 500 333
1290 402 366
1291 500 449
1292 500 301
1293 500 494
1294 464 500
1295 403 500
1296 500 461
1297 499 500
1298 500 354
1299 472 372
1300 500 334
1301 500 333
1302 500 405
1303 486 500
1304 500 375
1305 466 500
1306 500 454
1307 377 500
1308 313 500
1309 500 333
1310 500 324
1311 500 375
1312 500 500
1313 362 500
1314 500 333
1315 500 396
1316 400 500
1317 386 500
1318 419 500
1319 367 500
1320 500 374
1321 425 500
1322 440 500
1323 402 500
1324 500 479
1325 355 500
1326 377 500
1327 500 377
1328 500 497
1329 500 419
1330 391 500
1331 500 428
1332 400 500
1333 354 500
1334 400 500
1335 500 498
1336 500 456
1337 410 500
1338 500 363
1339 400 500
1340 500 338
1341 500 470
1342 500 458
1343 420 280
1344 375 500
1345 500 333
1346 397 500
1347 500 470
1348 500 375
1349 399 500
1350 401 500
1351 388 500
1352 500 395
1353 500 357
1354 500 444
1355 417 500
1356 500 423
1357 500 350
1358 500 400
1359 500 496
1360 500 315
1361 333 500
1362 500 334
1363 500 357
1364 500 462
1365 496 500
1366 333 500
1367 500 375
1368 500 333
1369 500 400
1370 370 500
1371 450 458
1372 372 492
1373 500 375
1374 487 500
1375 500 333
1376 500 334
1377 275 485
1378 375 500
1379 500 375
1380 500 478
1381 500 353
1382 396 478
1383 500 333
1384 500 394
1385 333 500
1386 392 500
1387 394 500
1388 335 500
1389 500 375
1390 230 311
1391 500 375
1392 432 473
1393 375 500
1394 469 500
1395 500 333
1396 388 500
1397 329 500
1398 374 500
1399 394 500
1400 500 364
1401 500 364
1402 361 500
1403 500 342
1404 500 333
1405 500 377
1406 334 500
1407 334 500
1408 500 375
1409 500 375
1410 500 339
1411 400 500
1412 500 396
1413 500 333
1414 334 500
1415 375 500
1416 500 333
1417 500 344
1418 500 400
1419 500 357
1420 500 375
1421 417 500
1422 500 332
1423 375 500
1424 479 500
1425 262 360
1426 400 500
1427 500 386
1428 500 333
1429 500 346
1430 500 313
1431 500 319
1432 500 363
1433 500 333
1434 500 388
1435 500 400
1436 469 324
1437 383 500
1438 500 333
1439 500 388
1440 500 334
1441 500 333
1442 500 400
1443 500 371
1444 500 375
1445 500 333
1446 500 333
1447 500 333
1448 401 500
1449 500 337
1450 500 329
1451 500 365
1452 500 500
1453 500 354
1454 361 500
1455 471 500
1456 380 500
1457 500 326
1458 500 334
1459 302 228
1460 500 358
1461 500 419
1462 500 333
1463 500 446
1464 500 360
1465 500 376
1466 500 413
1467 500 333
1468 500 358
1469 500 357
1470 500 333
1471 367 500
1472 375 500
1473 420 280
1474 361 400
1475 230 306
1476 500 334
1477 500 304
1478 500 375
1479 438 500
1480 500 437
1481 500 334
1482 275 206
1483 400 500
1484 360 400
1485 318 318
1486 500 343
1487 334 500
1488 334 500
1489 500 406
1490 500 500
1491 500 335
1492 416 500
1493 500 458
1494 261 310
1495 500 400
1496 447 500
1497 500 396
1498 393 500
1499 140 213
1500 410 500
1501 500 281
1502 500 500
1503 333 500
1504 500 434
1505 500 355
1506 350 350
1507 500 419
1508 500 375
1509 500 333
1510 500 333
1511 500 426
1512 500 295
1513 500 335
1514 500 348
1515 400 500
1516 500 332
1517 500 375
1518 500 347
1519 500 347
1520 500 337
1521 500 400
1522 500 334
1523 360 500
1524 500 333
1525 500 334
1526 500 490
1527 500 333
1528 500 318
1529 500 375
1530 375 500
1531 334 500
1532 500 375
1533 500 400
1534 500 391
1535 451 500
1536 500 373
1537 500 333
1538 500 375
1539 500 427
1540 500 375
1541 500 399
1542 500 333
1543 500 375
1544 500 333
1545 500 375
1546 500 350
1547 500 333
1548 500 315
1549 500 375
1550 500 310
1551 500 357
1552 461 500
1553 500 400
1554 500 333
1555 500 333
1556 500 320
1557 500 333
1558 500 333
1559 500 333
1560 500 357
1561 500 338
1562 500 378
1563 500 333
1564 500 411
1565 500 332
1566 500 369
1567 500 333
1568 500 457
1569 500 331
1570 500 333
1571 433 500
1572 500 380
1573 500 375
1574 500 349
1575 500 489
1576 500 300
1577 500 333
1578 500 375
1579 500 375
1580 419 500
1581 500 335
1582 500 353
1583 500 342
1584 500 375
1585 500 400
1586 500 375
1587 500 310
1588 500 331
1589 500 319
1590 500 365
1591 500 289
1592 500 375
1593 500 333
1594 500 333
1595 500 393
1596 500 429
1597 500 333
1598 500 385
1599 500 312
1600 500 375
1601 500 333
1602 500 348
1603 500 314
1604 500 333
1605 500 334
1606 500 334
1607 500 304
1608 500 371
1609 500 333
1610 500 375
1611 500 333
1612 500 329
1613 500 363
1614 500 400
1615 500 333
1616 500 477
1617 500 336
1618 500 395
1619 500 342
1620 500 348
1621 358 500
1622 400 500
1623 333 500
1624 459 500
1625 332 500
1626 500 363
1627 500 381
1628 500 321
1629 357 500
1630 500 386
1631 500 375
1632 373 500
1633 500 380
1634 500 473
1635 458 500
1636 332 500
1637 500 362
1638 500 499
1639 500 399
1640 500 460
1641 500 333
1642 333 500
1643 384 500
1644 500 342
1645 358 500
1646 500 333
1647 500 357
1648 500 336
1649 500 349
1650 500 375
1651 500 333
1652 500 500
1653 500 333
1654 500 375
1655 500 334
1656 500 338
1657 300 317
1658 340 268
1659 500 375
1660 500 365
1661 500 375
1662 500 333
1663 500 500
1664 500 313
1665 500 375
1666 500 363
1667 360 260
1668 500 500
1669 180 240
1670 500 336
1671 288 288
1672 333 500
1673 500 302
1674 270 360
1675 357 500
1676 500 324
1677 500 333
1678 500 375
1679 500 379
1680 314 239
1681 395 500
1682 375 500
1683 348 500
1684 357 500
1685 300 265
1686 500 375
1687 340 500
1688 378 500
1689 500 375
1690 500 290
1691 400 500
1692 500 400
1693 500 450
1694 500 335
1695 500 334
1696 500 376
1697 500 338
1698 500 375
1699 500 334
1700 500 375
1701 435 500
1702 500 333
1703 500 429
1704 500 343
1705 358 500
1706 500 375
1707 357 500
1708 500 340
1709 500 355
1710 411 500
1711 500 362
1712 500 357
1713 500 332
1714 500 401
1715 500 333
1716 500 336
1717 500 347
1718 500 350
1719 500 356
1720 500 405
1721 500 333
1722 400 500
1723 500 333
1724 500 354
1725 500 371
1726 500 333
1727 500 333
1728 500 356
1729 500 403
1730 500 349
1731 500 284
1732 500 426
1733 500 375
1734 500 375
1735 500 376
1736 500 364
1737 412 336
1738 500 294
1739 500 353
1740 500 400
1741 500 326
1742 500 352
1743 500 386
1744 500 356
1745 500 399
1746 500 333
1747 500 333
1748 500 333
1749 500 484
1750 500 337
1751 453 500
1752 500 409
1753 500 387
1754 450 500
1755 480 319
1756 500 333
1757 333 500
1758 500 421
1759 500 333
1760 500 375
1761 500 324
1762 500 346
1763 500 412
1764 500 400
1765 500 394
1766 500 332
1767 500 375
1768 500 300
1769 500 334
1770 500 386
1771 500 333
1772 500 326
1773 500 393
1774 500 333
1775 500 333
1776 500 417
1777 500 313
1778 500 333
1779 500 333
1780 500 351
1781 500 458
1782 500 332
1783 500 319
1784 450 312
1785 373 500
1786 500 400
1787 500 334
1788 500 333
1789 500 333
1790 500 400
1791 500 354
1792 500 345
1793 500 333
1794 500 375
1795 500 333
1796 500 399
1797 500 386
1798 500 333
1799 467 500
1800 500 348
1801 500 284
1802 500 317
1803 500 333
1804 500 379
1805 500 332
1806 500 340
1807 500 329
1808 500 359
1809 500 431
1810 500 333
1811 500 333
1812 500 400
1813 500 359
1814 500 334
1815 500 368
1816 500 335
1817 496 500
1818 500 375
1819 500 375
1820 500 356
1821 500 339
1822 500 350
1823 500 375
1824 500 400
1825 500 375
1826 500 478
1827 500 382
1828 500 457
1829 500 400
1830 500 354
1831 500 333
1832 500 326
1833 500 352
1834 500 333
1835 500 371
1836 500 363
1837 500 375
1838 500 333
1839 500 333
1840 500 416
1841 500 295
1842 500 414
1843 500 391
1844 500 395
1845 500 358
1846 500 334
1847 500 326
1848 500 333
1849 500 469
1850 500 333
1851 500 333
1852 500 311
1853 500 336
1854 500 375
1855 500 374
1856 500 333
1857 500 333
1858 500 334
1859 500 443
1860 500 225
1861 500 313
1862 500 333
1863 500 340
1864 500 375
1865 500 365
1866 500 357
1867 500 362
1868 500 363
1869 500 333
1870 462 500
1871 358 268
1872 500 333
1873 500 346
1874 432 346
1875 500 375
1876 420 500
1877 500 375
1878 400 500
1879 500 333
1880 482 500
1881 500 335
1882 465 403
1883 500 339
1884 500 338
1885 336 500
1886 500 375
1887 500 355
1888 500 333
1889 500 364
1890 343 500
1891 500 343
1892 500 333
1893 500 386
1894 488 500
1895 336 500
1896 500 333
1897 500 320
1898 500 333
1899 500 375
1900 500 414
1901 500 333
1902 500 375
1903 500 445
1904 500 315
1905 500 333
1906 500 375
1907 333 500
1908 500 333
1909 500 333
1910 500 357
1911 500 410
1912 500 333
1913 496 500
1914 500 333
1915 500 381
1916 500 357
1917 399 500
1918 333 500
1919 500 370
1920 500 356
1921 500 334
1922 500 333
1923 500 333
1924 500 324
1925 500 332
1926 500 356
1927 500 345
1928 500 358
1929 400 499
1930 500 333
1931 500 457
1932 500 400
1933 334 500
1934 500 369
1935 500 500
1936 400 500
1937 400 500
1938 411 500
1939 500 338
1940 500 375
1941 500 318
1942 500 366
1943 500 375
1944 500 333
1945 500 333
1946 453 500
1947 333 500
1948 500 370
1949 500 457
1950 444 500
1951 500 500
1952 500 428
1953 456 500
1954 500 333
1955 500 375
1956 413 500
1957 408 500
1958 500 375
1959 500 388
1960 500 357
1961 500 333
1962 354 342
1963 500 374
1964 500 420
1965 500 345
1966 500 333
1967 379 500
1968 500 382
1969 500 333
1970 500 348
1971 333 500
1972 500 388
1973 500 375
1974 467 500
1975 500 375
1976 354 500
1977 500 375
1978 500 333
1979 357 500
1980 400 500
1981 500 366
1982 333 500
1983 500 333
1984 500 500
1985 500 343
1986 500 377
1987 500 376
1988 500 494
1989 400 500
1990 500 333
1991 500 375
1992 500 375
1993 500 394
1994 500 392
1995 500 390
1996 400 500
1997 500 319
1998 400 500
1999 500 427
2000 333 500
2001 500 433
2002 500 382
2003 500 398
2004 337 242
2005 500 364
2006 500 385
2007 365 500
2008 500 333
2009 500 333
2010 500 500
2011 500 333
2012 500 333
2013 500 351
2014 500 333
2015 500 428
2016 500 334
2017 500 375
2018 500 333
2019 500 375
2020 500 333
2021 500 335
2022 500 367
2023 401 500
2024 500 356
2025 500 345
2026 500 333
2027 500 440
2028 500 314
2029 500 375
2030 500 384
2031 500 316
2032 500 375
2033 500 340
2034 500 435
2035 500 254
2036 500 375
2037 500 334
2038 500 375
2039 500 333
2040 500 368
2041 500 404
2042 500 336
2043 500 375
2044 500 375
2045 500 375
2046 500 333
2047 500 400
2048 500 334
2049 500 334
2050 500 333
2051 500 435
2052 500 406
2053 500 333
2054 500 334
2055 500 375
2056 500 375
2057 500 383
2058 500 333
2059 500 400
2060 500 500
2061 500 406
2062 500 375
2063 500 333
2064 500 333
2065 500 375
2066 500 375
2067 500 333
2068 500 332
2069 500 333
2070 500 334
2071 500 333
2072 500 333
2073 500 333
2074 500 359
2075 500 375
2076 500 375
2077 500 372
2078 500 375
2079 500 332
2080 333 500
2081 500 333
2082 500 332
2083 304 268
2084 500 298
2085 500 362
2086 500 333
2087 500 375
2088 500 500
2089 500 333
2090 500 440
2091 500 332
2092 500 407
2093 474 480
2094 500 432
2095 500 335
2096 500 375
2097 500 373
2098 500 333
2099 500 400
2100 390 500
2101 500 332
2102 500 357
2103 500 356
2104 375 500
2105 500 334
2106 500 333
2107 500 400
2108 435 500
2109 500 375
2110 500 395
2111 420 280
2112 500 375
2113 500 338
2114 500 375
2115 500 383
2116 500 500
2117 338 500
2118 500 333
2119 500 475
2120 500 406
2121 500 394
2122 500 430
2123 500 333
2124 500 333
2125 500 333
2126 500 375
2127 500 375
2128 500 353
2129 500 334
2130 500 333
2131 400 500
2132 500 334
2133 500 375
2134 500 333
2135 500 333
2136 500 365
2137 500 375
2138 500 334
2139 500 334
2140 500 375
2141 500 435
2142 500 333
2143 500 333
2144 500 375
2145 500 375
2146 500 375
2147 500 375
2148 500 333
2149 435 330
2150 500 359
2151 420 280
2152 500 389
2153 500 456
2154 500 333
2155 500 355
2156 500 456
2157 500 333
2158 500 333
2159 375 500
2160 500 333
2161 500 375
2162 500 376
2163 500 357
2164 500 333
2165 500 380
2166 500 375
2167 490 500
2168 500 333
2169 500 376
2170 500 345
2171 500 333
2172 500 333
2173 500 333
2174 500 333
2175 500 362
2176 500 331
2177 500 357
2178 500 500
2179 500 375
2180 500 334
2181 453 500
2182 500 390
2183 500 336
2184 500 332
2185 500 332
2186 500 400
2187 500 333
2188 500 438
2189 500 333
2190 500 375
2191 500 375
2192 374 500
2193 500 394
2194 500 375
2195 500 414
2196 500 310
2197 500 333
2198 322 403
2199 500 333
2200 500 408
2201 500 368
2202 500 400
2203 500 326
2204 500 375
2205 500 368
2206 500 375
2207 500 334
2208 500 333
2209 500 342
2210 500 367
2211 500 346
2212 373 500
2213 500 375
2214 500 333
2215 500 375
2216 500 378
2217 500 398
2218 500 329
2219 500 334
2220 500 394
2221 500 403
2222 500 415
2223 500 431
2224 500 376
2225 500 357
2226 500 375
2227 500 340
2228 500 333
2229 500 390
2230 500 357
2231 500 416
2232 500 398
2233 500 378
2234 500 375
2235 500 375
2236 500 400
2237 500 334
2238 500 332
2239 350 500
2240 500 333
2241 500 500
2242 500 333
2243 402 500
2244 500 369
2245 500 393
2246 500 323
2247 500 375
2248 500 332
2249 375 500
2250 500 357
2251 500 346
2252 349 500
2253 500 309
2254 500 375
2255 500 357
2256 500 375
2257 500 375
2258 500 322
2259 500 400
2260 500 413
2261 500 336
2262 500 333
2263 500 334
2264 500 333
2265 500 375
2266 500 365
2267 300 259
2268 500 375
2269 500 375
2270 500 375
2271 200 171
2272 500 284
2273 268 324
2274 500 378
2275 500 333
2276 272 259
2277 500 334
2278 500 367
2279 428 500
2280 500 332
2281 244 307
2282 479 309
2283 500 403
2284 350 321
2285 500 357
2286 500 333
2287 500 359
2288 272 182
2289 500 361
2290 500 334
2291 400 358
2292 500 424
2293 400 338
2294 500 386
2295 500 375
2296 500 333
2297 500 333
2298 500 333
2299 500 333
2300 500 375
2301 500 334
2302 500 375
2303 500 375
2304 500 323
2305 500 333
2306 497 500
2307 500 338
2308 500 332
2309 500 375
2310 500 373
2311 500 334
2312 500 333
2313 380 500
2314 500 375
2315 500 375
2316 500 333
2317 500 375
2318 500 333
2319 333 500
2320 500 333
2321 500 357
2322 500 395
2323 500 375
2324 500 333
2325 500 397
2326 500 334
2327 500 333
2328 500 375
2329 500 325
2330 500 375
2331 500 487
2332 500 332
2333 500 478
2334 500 325
2335 500 336
2336 500 333
2337 500 375
2338 500 365
2339 333 500
2340 500 438
2341 391 500
2342 500 375
2343 500 495
2344 500 333
2345 458 500
2346 385 500
2347 375 500
2348 500 357
2349 404 500
2350 500 500
2351 500 333
2352 500 374
2353 500 470
2354 500 333
2355 500 448
2356 500 335
2357 500 317
2358 333 500
2359 500 298
2360 500 333
2361 500 333
2362 500 334
2363 500 394
2364 498 500
2365 500 333
2366 407 500
2367 369 500
2368 500 288
2369 500 400
2370 500 399
2371 500 400
2372 500 333
2373 500 343
2374 339 500
2375 495 500
2376 500 386
2377 385 500
2378 386 500
2379 363 500
2380 500 386
2381 500 326
2382 500 364
2383 500 400
2384 500 417
2385 500 485
2386 469 500
2387 500 324
2388 500 500
2389 500 400
2390 500 500
2391 377 500
2392 500 375
2393 500 388
2394 500 358
2395 333 500
2396 436 500
2397 500 357
2398 500 363
2399 500 357
2400 333 500
2401 500 421
2402 400 500
2403 500 375
2404 500 360
2405 500 360
2406 500 333
2407 486 500
2408 333 500
2409 500 500
2410 333 500
2411 500 500
2412 500 351
2413 500 322
2414 500 300
2415 500 453
2416 500 346
2417 500 333
2418 500 312
2419 500 333
2420 500 371
2421 500 405
2422 420 280
2423 500 332
2424 430 500
2425 500 318
2426 500 478
2427 500 333
2428 500 334
2429 500 345
2430 500 386
2431 500 333
2432 495 500
2433 500 462
2434 400 500
2435 500 412
2436 500 333
2437 414 500
2438 500 375
2439 450 375
2440 500 375
2441 444 500
2442 152 200
2443 500 375
2444 500 376
2445 385 500
2446 150 250
2447 500 442
2448 500 369
2449 300 306
2450 479 500
2451 423 500
2452 450 313
2453 500 333
2454 500 442
2455 333 500
2456 500 334
2457 396 500
2458 374 500
2459 500 405
2460 327 500
2461 208 235
2462 300 400
2463 500 388
2464 325 268
2465 500 397
2466 390 500
2467 500 375
2468 371 500
2469 500 359
2470 140 200
2471 500 375
2472 333 500
2473 280 360
2474 500 332
2475 500 445
2476 500 375
2477 500 333
2478 500 375
2479 500 334
2480 500 342
2481 466 350
2482 500 375
2483 500 405
2484 468 303
2485 500 333
2486 500 400
2487 500 334
2488 500 333
2489 500 500
2490 300 240
2491 500 434
2492 416 259
2493 500 352
2494 500 333
2495 300 214
2496 500 404
2497 500 500
2498 500 375
2499 500 333
2500 494 403
2501 500 333
2502 500 330
2503 500 333
2504 500 390
2505 500 333
2506 275 183
2507 500 332
2508 500 299
2509 500 406
2510 438 296
2511 500 334
2512 500 325
2513 300 400
2514 500 325
2515 500 371
2516 250 120
2517 500 360
2518 288 288
2519 500 338
2520 500 334
2521 500 352
2522 500 333
2523 500 339
2524 500 357
2525 500 423
2526 500 400
2527 315 275
2528 420 280
2529 500 351
2530 327 327
2531 500 334
2532 411 500
2533 500 350
2534 500 343
2535 500 398
2536 500 333
2537 500 400
2538 500 335
2539 500 339
2540 500 343
2541 500 356
2542 500 375
2543 500 399
2544 500 350
2545 480 371
2546 500 375
2547 500 334
2548 450 300
2549 500 332
2550 500 312
2551 500 330
2552 500 309
2553 500 401
2554 500 335
2555 500 316
2556 500 414
2557 500 375
2558 500 342
2559 500 393
2560 328 500
2561 500 355
2562 500 408
2563 500 468
2564 500 333
2565 400 500
2566 500 400
2567 500 333
2568 500 335
2569 500 447
2570 500 415
2571 500 375
2572 500 468
2573 375 500
2574 500 375
2575 500 337
2576 500 401
2577 500 400
2578 500 495
2579 480 500
2580 500 330
2581 500 333
2582 500 389
2583 500 366
2584 460 500
2585 500 336
2586 333 500
2587 500 333
2588 323 500
2589 373 500
2590 500 375
2591 500 375
2592 500 333
2593 500 333
2594 500 400
2595 500 333
2596 500 363
2597 500 444
2598 333 500
2599 500 333
2600 500 375
2601 357 500
2602 386 500
2603 500 333
2604 500 375
2605 369 500
2606 500 357
2607 393 500
2608 500 375
2609 451 500
2610 500 333
2611 500 389
2612 500 333
2613 429 481
2614 416 500
2615 500 369
2616 500 333
2617 333 500
2618 500 404
2619 500 377
2620 500 323
2621 500 332
2622 500 333
2623 333 500
2624 500 354
2625 500 375
2626 500 334
2627 500 481
2628 320 240
2629 375 500
2630 332 500
2631 500 322
2632 500 379
2633 299 194
2634 500 333
2635 320 240
2636 500 339
2637 500 386
2638 500 333
2639 500 368
2640 500 375
2641 500 358
2642 437 500
2643 500 372
2644 500 375
2645 500 430
2646 311 500
2647 500 375
2648 500 333
2649 500 332
2650 500 332
2651 500 375
2652 334 500
2653 500 375
2654 500 375
2655 500 333
2656 500 357
2657 500 333
2658 500 271
2659 500 333
2660 500 400
2661 400 500
2662 500 401
2663 375 500
2664 375 500
2665 500 326
2666 500 333
2667 500 375
2668 500 396
2669 500 341
2670 500 367
2671 500 407
2672 500 400
2673 500 334
2674 386 500
2675 500 363
2676 500 370
2677 500 333
2678 500 470
2679 500 500
2680 500 353
2681 499 500
2682 336 500
2683 500 375
2684 500 334
2685 500 370
2686 500 356
2687 500 335
2688 500 408
2689 500 311
2690 500 375
2691 500 500
2692 463 500
2693 500 402
2694 500 333
2695 375 500
2696 364 500
2697 500 333
2698 500 333
2699 500 375
2700 500 420
2701 450 401
2702 500 375
2703 375 500
2704 500 379
2705 500 375
2706 500 375
2707 500 358
2708 500 486
2709 445 500
2710 500 334
2711 333 500
2712 500 333
2713 500 398
2714 500 334
2715 500 375
2716 500 357
2717 500 363
2718 253 500
2719 500 333
2720 500 375
2721 500 334
2722 401 500
2723 400 500
2724 500 375
2725 500 405
2726 500 496
2727 333 500
2728 500 333
2729 500 396
2730 500 357
2731 375 500
2732 337 500
2733 477 432
2734 500 334
2735 357 500
2736 500 424
2737 500 356
2738 180 180
2739 500 281
2740 500 354
2741 500 333
2742 427 500
2743 375 500
2744 500 360
2745 500 344
2746 500 398
2747 408 272
2748 500 334
2749 372 290
2750 302 358
2751 470 472
2752 350 500
2753 500 333
2754 500 460
2755 500 333
2756 500 399
2757 334 500
2758 500 407
2759 375 500
2760 500 362
2761 500 357
2762 380 253
2763 500 375
2764 375 500
2765 500 357
2766 406 500
2767 500 400
2768 500 367
2769 395 500
2770 353 500
2771 400 500
2772 500 400
2773 500 500
2774 500 426
2775 500 333
2776 500 332
2777 333 500
2778 360 335
2779 500 389
2780 500 333
2781 500 393
2782 484 500
2783 333 500
2784 322 500
2785 500 384
2786 500 396
2787 500 357
2788 500 379
2789 500 317
2790 500 334
2791 500 375
2792 500 400
2793 400 500
2794 500 354
2795 500 313
2796 500 341
2797 500 258
2798 500 400
2799 357 500
2800 500 333
2801 500 323
2802 500 334
2803 500 361
2804 500 375
2805 500 383
2806 500 376
2807 500 406
2808 500 376
2809 418 500
2810 500 339
2811 500 333
2812 500 335
2813 500 333
2814 500 375
2815 500 435
2816 500 281
2817 500 414
2818 500 333
2819 500 333
2820 359 500
2821 500 332
2822 500 391
2823 500 333
2824 500 375
2825 500 333
2826 500 333
2827 500 333
2828 500 335
2829 500 364
2830 500 408
2831 500 374
2832 500 333
2833 500 319
2834 500 375
2835 414 500
2836 333 500
2837 333 500
2838 500 450
2839 500 415
2840 500 429
2841 500 375
2842 500 373
2843 500 375
2844 500 333
2845 500 333
2846 500 375
2847 333 500
2848 500 248
2849 500 334
2850 500 415
2851 500 413
2852 500 421
2853 500 333
2854 500 348
2855 500 375
2856 374 500
2857 500 322
2858 500 333
2859 500 354
2860 322 352
2861 500 345
2862 500 276
2863 500 333
2864 399 500
2865 500 341
2866 500 333
2867 400 266
2868 500 476
2869 500 333
2870 500 334
2871 500 333
2872 500 374
2873 500 500
2874 373 500
2875 500 324
2876 500 375
2877 500 371
2878 500 417
2879 500 375
2880 500 333
2881 400 500
2882 500 333
2883 500 324
2884 500 333
2885 500 375
2886 500 349
2887 500 375
2888 357 500
2889 500 332
2890 500 310
2891 500 333
2892 500 375
2893 500 333
2894 500 332
2895 500 375
2896 500 333
2897 466 338
2898 500 334
2899 500 361
2900 500 374
2901 500 333
2902 333 500
2903 500 394
2904 500 333
2905 500 342
2906 500 375
2907 500 336
2908 500 392
2909 500 498
2910 500 333
2911 481 500
2912 500 339
2913 500 375
2914 500 376
2915 500 383
2916 500 375
2917 364 500
2918 500 313
2919 500 375
2920 500 333
2921 500 375
2922 375 500
2923 469 298
2924 500 274
2925 500 313
2926 500 354
2927 500 367
2928 333 500
2929 500 332
2930 500 385
2931 500 386
2932 500 335
2933 500 425
2934 500 391
2935 468 331
2936 500 400
2937 353 500
2938 360 500
2939 500 398
2940 500 380
2941 463 500
2942 500 338
2943 356 500
2944 500 353
2945 500 375
2946 500 315
2947 500 333
2948 500 331
2949 488 500
2950 500 357
2951 500 363
2952 500 375
2953 500 320
2954 350 304
2955 500 333
2956 200 240
2957 500 333
2958 500 375
2959 377 500
2960 500 500
2961 500 333
2962 386 250
2963 500 393
2964 334 500
2965 363 500
2966 500 432
2967 500 375
2968 364 271
2969 500 353
2970 250 219
2971 500 438
2972 400 299
2973 400 300
2974 500 387
2975 395 350
2976 499 333
2977 500 374
2978 500 434
2979 500 455
2980 500 353
2981 500 364
2982 500 375
2983 459 452
2984 500 333
2985 500 369
2986 500 342
2987 500 333
2988 500 333
2989 500 473
2990 500 500
2991 500 357
2992 500 428
2993 500 332
2994 500 385
2995 333 500
2996 500 363
2997 400 500
2998 500 435
2999 500 401
3000 500 334
3001 500 326
3002 500 393
3003 500 374
3004 500 333
3005 500 357
3006 500 363
3007 500 376
3008 500 376
3009 500 401
3010 500 333
3011 500 347
3012 500 337
3013 500 442
3014 500 336
3015 500 425
3016 455 341
3017 500 430
3018 500 332
3019 500 375
3020 500 334
3021 500 500
3022 500 363
3023 500 333
3024 500 374
3025 458 500
3026 500 375
3027 500 333
3028 500 333
3029 500 356
3030 500 405
3031 500 333
3032 500 357
3033 500 356
3034 500 358
3035 500 386
3036 500 331
3037 500 487
3038 500 333
3039 500 333
3040 500 387
3041 500 333
3042 500 331
3043 500 333
3044 500 317
3045 500 390
3046 500 319
3047 500 278
3048 500 375
3049 350 277
3050 500 375
3051 500 375
3052 500 333
3053 500 353
3054 500 375
3055 500 375
3056 500 434
3057 500 333
3058 500 375
3059 500 293
3060 500 334
3061 500 351
3062 469 500
3063 500 317
3064 500 376
3065 500 333
3066 417 500
3067 444 500
3068 500 375
3069 500 305
3070 500 359
3071 500 375
3072 500 330
3073 500 330
3074 500 333
3075 500 333
3076 500 272
3077 500 375
3078 500 332
3079 500 354
3080 500 363
3081 500 399
3082 500 340
3083 485 500
3084 500 400
3085 500 333
3086 500 375
3087 331 500
3088 479 429
3089 500 333
3090 500 414
3091 400 500
3092 498 500
3093 420 280
3094 500 333
3095 461 500
3096 500 351
3097 357 500
3098 500 400
3099 500 438
3100 429 500
3101 500 402
3102 500 333
3103 500 333
3104 500 281
3105 500 366
3106 433 500
3107 499 500
3108 500 377
3109 309 432
3110 500 386
3111 380 295
3112 500 469
3113 500 338
3114 500 450
3115 500 334
3116 500 344
3117 500 375
3118 353 500
3119 500 400
3120 500 428
3121 500 333
3122 500 333
3123 500 375
3124 500 318
3125 484 460
3126 400 267
3127 428 500
3128 500 374
3129 500 342
3130 500 333
3131 500 334
3132 500 338
3133 500 320
3134 500 375
3135 500 240
3136 500 307
3137 500 333
3138 500 335
3139 500 334
3140 447 500
3141 500 333
3142 500 334
3143 500 375
3144 400 265
3145 500 344
3146 500 375
3147 500 337
3148 500 400
3149 500 333
3150 432 288
3151 500 500
3152 400 234
3153 500 346
3154 500 318
3155 500 333
3156 500 375
3157 500 286
3158 500 304
3159 500 375
3160 500 378
3161 500 334
3162 500 380
3163 500 333
3164 500 500
3165 500 400
3166 500 375
3167 500 333
3168 500 333
3169 500 318
3170 500 384
3171 500 386
3172 500 278
3173 500 323
3174 500 375
3175 500 278
3176 500 333
3177 500 375
3178 500 333
3179 500 333
3180 500 333
3181 500 333
3182 500 354
3183 500 456
3184 500 309
3185 500 365
3186 500 340
3187 500 379
3188 500 333
3189 500 375
3190 500 357
3191 500 333
3192 500 333
3193 500 333
3194 478 500
3195 500 331
3196 500 410
3197 500 335
3198 500 410
3199 500 400
3200 500 357
3201 500 358
3202 352 500
3203 500 332
3204 500 375
3205 500 383
3206 500 444
3207 500 400
3208 500 333
3209 500 337
3210 500 336
3211 500 400
3212 500 375
3213 500 379
3214 500 391
3215 500 351
3216 500 413
3217 500 400
3218 500 489
3219 500 361
3220 500 406
3221 500 375
3222 500 333
3223 500 326
3224 500 343
3225 423 500
3226 500 433
3227 500 312
3228 500 495
3229 500 333
3230 500 373
3231 500 349
3232 500 402
3233 500 333
3234 500 334
3235 500 340
3236 500 369
3237 500 350
3238 500 401
3239 500 375
3240 500 369
3241 500 400
3242 500 334
3243 500 375
3244 500 342
3245 500 333
3246 500 333
3247 500 333
3248 333 500
3249 500 288
3250 500 332
3251 500 345
3252 500 400
3253 420 280
3254 500 335
3255 500 400
3256 500 398
3257 425 300
3258 500 362
3259 500 203
3260 500 332
3261 450 354
3262 500 331
3263 500 346
3264 432 288
3265 500 400
3266 500 375
3267 500 375
3268 500 375
3269 500 375
3270 500 400
3271 375 500
3272 500 333
3273 500 375
3274 500 352
3275 500 393
3276 500 397
3277 500 375
3278 333 500
3279 500 333
3280 500 403
3281 500 333
3282 500 400
3283 500 398
3284 500 303
3285 500 332
3286 500 333
3287 500 333
3288 500 375
3289 500 375
3290 500 349
3291 500 454
3292 374 500
3293 500 333
3294 500 375
3295 500 334
3296 500 332
3297 500 302
3298 500 333
3299 500 374
3300 500 348
3301 500 375
3302 500 375
3303 500 376
3304 500 273
3305 402 500
3306 500 495
3307 500 333
3308 500 339
3309 500 375
3310 500 471
3311 500 387
3312 500 362
3313 500 333
3314 500 334
3315 500 482
3316 400 500
3317 500 333
3318 500 312
3319 400 500
3320 308 500
3321 500 473
3322 333 500
3323 500 487
3324 375 500
3325 500 335
3326 402 259
3327 500 332
3328 500 375
3329 500 333
3330 500 375
3331 500 375
3332 500 333
3333 500 333
3334 333 500
3335 500 341
3336 500 259
3337 500 345
3338 500 400
3339 500 392
3340 500 311
3341 500 336
3342 496 500
3343 500 333
3344 500 333
3345 500 379
3346 500 313
3347 500 445
3348 500 354
3349 500 388
3350 500 400
3351 500 366
3352 386 500
3353 480 348
3354 456 500
3355 500 292
3356 500 284
3357 500 375
3358 500 363
3359 500 400
3360 500 412
3361 500 442
3362 384 500
3363 500 370
3364 500 375
3365 500 418
3366 333 500
3367 500 342
3368 500 333
3369 500 334
3370 329 500
3371 471 500
3372 500 400
3373 500 315
3374 367 500
3375 500 357
3376 500 318
3377 333 500
3378 280 420
3379 500 333
3380 357 500
3381 434 500
3382 500 341
3383 500 373
3384 500 333
3385 500 387
3386 500 333
3387 500 330
3388 500 333
3389 500 377
3390 500 384
3391 496 500
3392 500 375
3393 500 375
3394 500 326
3395 500 356
3396 500 399
3397 372 500
3398 500 365
3399 477 500
3400 432 389
3401 414 500
3402 500 400
3403 500 333
3404 500 440
3405 500 362
3406 500 375
3407 500 333
3408 500 334
3409 500 375
3410 500 335
3411 500 412
3412 482 500
3413 500 435
3414 500 400
3415 500 351
3416 500 358
3417 500 337
3418 500 376
3419 500 365
3420 500 375
3421 500 344
3422 500 333
3423 500 333
3424 500 333
3425 417 500
3426 500 333
3427 500 333
3428 500 381
3429 368 500
3430 399 500
3431 500 375
3432 401 500
3433 500 377
3434 500 326
3435 500 409
3436 500 388
3437 500 333
3438 500 383
3439 500 333
3440 428 500
3441 500 389
3442 500 469
3443 500 375
3444 333 500
3445 405 500
3446 500 341
3447 209 275
3448 500 321
3449 378 500
3450 316 265
3451 348 258
3452 500 333
3453 500 333
3454 500 346
3455 142 160
3456 366 287
3457 350 350
3458 500 334
3459 400 500
3460 400 500
3461 500 368
3462 364 432
3463 400 266
3464 330 220
3465 149 160
3466 334 500
3467 500 354
3468 500 333
3469 500 451
3470 500 375
3471 480 368
3472 230 300
3473 450 362
3474 500 428
3475 500 321
3476 500 337
3477 448 299
3478 500 402
3479 404 271
3480 500 375
3481 480 368
3482 500 375
3483 500 334
3484 500 341
3485 500 338
3486 500 376
3487 500 335
3488 333 500
3489 500 419
3490 500 391
3491 500 357
3492 500 333
3493 500 333
3494 333 500
3495 500 369
3496 500 375
3497 333 500
3498 500 357
3499 500 439
3500 500 368
3501 500 333
3502 500 333
3503 420 280
3504 500 333
3505 500 387
3506 500 381
3507 500 333
3508 500 420
3509 399 433
3510 500 333
3511 500 354
3512 500 359
3513 500 375
3514 500 333
3515 500 375
3516 500 343
3517 457 500
3518 500 334
3519 333 500
3520 500 319
3521 500 375
3522 500 442
3523 379 500
3524 500 500
3525 500 334
3526 375 500
3527 500 333
3528 500 333
3529 500 375
3530 500 357
3531 272 500
3532 500 313
3533 500 438
3534 500 351
3535 333 500
3536 334 500
3537 500 375
3538 500 334
3539 388 500
3540 500 333
3541 500 367
3542 500 333
3543 333 500
3544 500 333
3545 320 500
3546 500 333
3547 334 500
3548 500 332
3549 457 500
3550 336 500
3551 500 349
3552 336 500
3553 500 333
3554 375 500
3555 500 302
3556 500 500
3557 500 333
3558 500 375
3559 500 334
3560 500 404
3561 500 406
3562 336 500
3563 500 333
3564 500 313
3565 500 375
3566 500 412
3567 500 375
3568 500 332
3569 333 500
3570 500 334
3571 500 357
3572 500 375
3573 500 333
3574 332 500
3575 500 364
3576 500 500
3577 333 500
3578 500 333
3579 500 333
3580 500 333
3581 500 400
3582 500 329
3583 500 375
3584 500 500
3585 333 500
3586 376 500
3587 441 500
3588 500 333
3589 500 344
3590 500 334
3591 500 375
3592 500 398
3593 500 375
3594 500 375
3595 350 350
3596 500 333
3597 296 500
3598 400 500
3599 220 330
3600 500 500
3601 500 500
3602 300 259
3603 500 500
3604 500 362
3605 500 375
3606 500 494
3607 444 500
3608 500 350
3609 500 318
3610 400 500
3611 500 375
3612 333 500
3613 500 423
3614 407 500
3615 500 333
3616 402 500
3617 500 333
3618 500 429
3619 500 370
3620 428 500
3621 500 334
3622 500 333
3623 500 335
3624 500 357
3625 500 334
3626 500 333
3627 500 369
3628 500 379
3629 500 333
3630 415 500
3631 500 433
3632 500 332
3633 500 500
3634 500 495
3635 500 333
3636 500 393
3637 500 476
3638 500 500
3639 500 332
3640 500 444
3641 500 333
3642 390 500
3643 500 394
3644 336 402
3645 500 400
3646 375 500
3647 334 500
3648 500 421
3649 500 333
3650 397 500
3651 500 375
3652 500 333
3653 400 500
3654 400 500
3655 334 500
3656 500 455
3657 500 332
3658 500 333
3659 500 299
3660 500 346
3661 500 361
3662 500 366
3663 500 333
3664 500 307
3665 500 346
3666 389 239
3667 500 421
3668 332 500
3669 500 333
3670 500 322
3671 500 446
3672 500 391
3673 500 333
3674 420 280
3675 500 300
3676 500 338
3677 500 350
3678 500 375
3679 500 423
3680 500 333
3681 500 497
3682 500 333
3683 500 333
3684 500 333
3685 500 375
3686 500 333
3687 500 335
3688 500 349
3689 500 442
3690 500 500
3691 500 400
3692 500 352
3693 500 320
3694 250 167
3695 500 334
3696 500 400
3697 500 323
3698 500 333
3699 500 375
3700 350 266
3701 380 304
3702 500 379
3703 500 333
3704 500 333
3705 265 255
3706 500 334
3707 500 333
3708 500 333
3709 365 273
3710 500 366
3711 500 397
3712 400 500
3713 500 435
3714 500 333
3715 500 400
3716 500 375
3717 250 166
3718 500 334
3719 500 334
3720 400 398
3721 500 333
3722 500 375
3723 450 302
3724 375 500
3725 500 375
3726 500 333
3727 500 400
3728 500 333
3729 500 375
3730 500 333
3731 344 500
3732 500 375
3733 500 400
3734 500 334
3735 500 335
3736 500 333
3737 500 400
3738 331 500
3739 333 500
3740 500 333
3741 500 333
3742 500 295
3743 500 359
3744 500 334
3745 500 357
3746 500 346
3747 500 333
3748 500 333
3749 500 333
3750 457 500
3751 500 334
3752 500 375
3753 500 375
3754 500 375
3755 500 447
3756 500 400
3757 500 332
3758 500 333
3759 500 333
3760 500 476
3761 343 500
3762 500 333
3763 500 333
3764 500 332
3765 500 357
3766 500 375
3767 500 321
3768 500 358
3769 374 500
3770 500 325
3771 500 333
3772 500 332
3773 500 333
3774 500 331
3775 500 332
3776 420 280
3777 500 396
3778 500 375
3779 500 312
3780 500 334
3781 500 416
3782 500 313
3783 500 333
3784 500 333
3785 500 375
3786 400 400
3787 500 375
3788 500 333
3789 500 375
3790 500 414
3791 500 333
3792 375 500
3793 500 333
3794 500 471
3795 500 332
3796 500 400
3797 300 240
3798 327 327
3799 500 336
3800 500 333
3801 500 375
3802 500 375
3803 375 500
3804 500 375
3805 500 332
3806 500 500
3807 200 200
3808 500 329
3809 320 237
3810 344 324
3811 320 213
3812 500 375
3813 327 327
3814 500 375
3815 500 332
3816 500 333
3817 388 280
3818 270 400
3819 244 500
3820 429 330
3821 140 165
3822 500 375
3823 500 435
3824 500 383
3825 500 334
3826 500 332
3827 500 333
3828 500 458
3829 500 375
3830 500 375
3831 332 500
3832 484 500
3833 500 295
3834 500 335
3835 500 403
3836 500 335
3837 330 500
3838 500 333
3839 370 500
3840 500 350
3841 500 333
3842 500 332
3843 500 382
3844 500 357
3845 500 375
3846 500 375
3847 500 400
3848 500 479
3849 500 341
3850 500 300
3851 500 333
3852 500 425
3853 500 338
3854 500 362
3855 500 307
3856 482 320
3857 500 362
3858 333 500
3859 500 333
3860 500 421
3861 500 400
3862 500 333
3863 500 333
3864 500 333
3865 500 329
3866 500 333
3867 500 375
3868 500 451
3869 500 333
3870 500 413
3871 500 333
3872 500 337
3873 500 333
3874 500 333
3875 500 500
3876 500 358
3877 500 375
3878 500 320
3879 500 313
3880 377 500
3881 357 500
3882 500 326
3883 500 393
3884 500 381
3885 500 333
3886 326 500
3887 500 407
3888 500 332
3889 500 333
3890 500 491
3891 500 400
3892 333 500
3893 500 417
3894 500 400
3895 500 359
3896 499 500
3897 500 333
3898 500 344
3899 500 412
3900 500 334
3901 500 304
3902 500 313
3903 500 357
3904 500 333
3905 400 500
3906 500 333
3907 500 400
3908 500 361
3909 500 333
3910 357 500
3911 500 335
3912 500 482
3913 403 500
3914 500 409
3915 500 400
3916 500 289
3917 473 450
3918 500 340
3919 500 375
3920 500 334
3921 500 409
3922 500 375
3923 500 333
3924 500 387
3925 420 280
3926 365 500
3927 500 375
3928 333 500
3929 500 333
3930 500 333
3931 500 375
3932 500 426
3933 357 500
3934 500 400
3935 500 395
3936 500 355
3937 500 397
3938 500 335
3939 500 364
3940 500 398
3941 500 313
3942 400 329
3943 500 381
3944 426 500
3945 500 340
3946 333 500
3947 179 180
3948 500 333
3949 360 480
3950 500 333
3951 500 303
3952 493 500
3953 500 263
3954 300 220
3955 500 335
3956 500 357
3957 500 333
3958 440 286
3959 500 378
3960 395 500
3961 500 359
3962 431 300
3963 500 354
3964 500 497
3965 230 250
3966 420 351
3967 450 300
3968 500 369
3969 500 327
3970 500 375
3971 500 422
3972 490 500
3973 500 333
3974 500 334
3975 500 334
3976 357 500
3977 300 300
3978 500 333
3979 334 500
3980 334 500
3981 500 343
3982 500 349
3983 500 365
3984 343 500
3985 500 371
3986 320 242
3987 355 500
3988 500 333
3989 458 500
3990 500 391
3991 150 159
3992 343 500
3993 500 333
3994 334 500
3995 335 500
3996 500 334
3997 500 334
3998 320 310
3999 500 333
4000 335 500
4001 230 297
4002 500 333
4003 500 342
4004 500 334
4005 420 280
4006 500 345
4007 500 352
4008 500 382
4009 500 333
4010 500 400
4011 500 348
4012 500 410
4013 500 393
4014 500 324
4015 500 375
4016 300 274
4017 500 375
4018 398 500
4019 500 334
4020 500 397
4021 500 266
4022 333 500
4023 500 321
4024 500 465
4025 500 447
4026 500 334
4027 500 343
4028 378 500
4029 500 475
4030 500 375
4031 500 326
4032 363 500
4033 500 333
4034 500 375
4035 500 500
4036 500 303
4037 500 309
4038 500 375
4039 500 470
4040 500 333
4041 357 500
4042 500 333
4043 341 500
4044 500 333
4045 500 333
4046 375 500
4047 272 182
4048 500 380
4049 500 375
4050 500 375
4051 335 500
4052 500 333
4053 200 179
4054 405 500
4055 500 401
4056 394 500
4057 500 379
4058 500 375
4059 413 500
4060 367 500
4061 500 400
4062 500 432
4063 500 333
4064 500 400
4065 500 375
4066 500 333
4067 500 421
4068 359 315
4069 423 500
4070 333 500
4071 500 333
4072 500 375
4073 333 500
4074 500 333
4075 459 500
4076 500 333
4077 490 500
4078 375 500
4079 333 500
4080 500 454
4081 500 446
4082 333 500
4083 500 423
4084 500 331
4085 500 333
4086 458 500
4087 500 399
4088 423 500
4089 500 333
4090 500 347
4091 500 333
4092 500 467
4093 500 375
4094 500 334
4095 375 500
4096 327 500
4097 400 296
4098 500 357
4099 333 500
4100 374 500
4101 500 333
4102 500 357
4103 500 330
4104 485 445
4105 500 333
4106 500 375
4107 500 333
4108 500 333
4109 500 375
4110 500 375
4111 500 419
4112 500 364
4113 500 328
4114 500 351
4115 500 402
4116 400 337
4117 500 361
4118 500 448
4119 333 500
4120 404 500
4121 500 500
4122 500 344
4123 333 500
4124 500 361
4125 500 363
4126 500 333
4127 500 450
4128 330 480
4129 469 500
4130 348 500
4131 500 318
4132 327 500
4133 500 371
4134 500 375
4135 500 380
4136 366 500
4137 500 468
4138 280 286
4139 500 375
4140 500 337
4141 500 333
4142 500 354
4143 500 356
4144 500 333
4145 375 500
4146 500 338
4147 500 364
4148 500 365
4149 500 374
4150 328 462
4151 500 375
4152 500 429
4153 500 332
4154 500 331
4155 500 375
4156 500 333
4157 469 500
4158 500 375
4159 350 500
4160 500 489
4161 500 333
4162 500 413
4163 333 500
4164 500 305
4165 500 333
4166 500 378
4167 500 333
4168 500 375
4169 500 346
4170 500 333
4171 500 375
4172 500 334
4173 500 357
4174 500 333
4175 500 373
4176 500 354
4177 500 496
4178 500 338
4179 500 332
4180 500 400
4181 400 500
4182 500 375
4183 500 333
4184 500 380
4185 500 336
4186 500 372
4187 357 500
4188 500 334
4189 500 333
4190 334 500
4191 486 500
4192 500 333
4193 400 500
4194 500 420
4195 471 500
4196 500 334
4197 500 333
4198 250 225
4199 500 335
4200 500 400
4201 500 341
4202 500 398
4203 470 500
4204 453 500
4205 333 500
4206 500 333
4207 500 333
4208 500 340
4209 456 500
4210 500 357
4211 375 500
4212 379 500
4213 500 353
4214 500 334
4215 347 500
4216 333 500
4217 500 333
4218 500 334
4219 500 361
4220 500 400
4221 500 304
4222 500 373
4223 500 400
4224 500 340
4225 500 375
4226 500 375
4227 500 400
4228 500 355
4229 500 333
4230 345 500
4231 500 333
4232 333 500
4233 500 333
4234 500 333
4235 500 356
4236 500 357
4237 500 254
4238 500 367
4239 500 357
4240 500 374
4241 357 500
4242 500 333
4243 500 398
4244 500 335
4245 500 341
4246 500 408
4247 500 302
4248 500 334
4249 412 500
4250 500 332
4251 500 333
4252 500 334
4253 398 500
4254 500 400
4255 500 375
4256 327 500
4257 500 339
4258 500 333
4259 500 333
4260 500 370
4261 500 365
4262 500 333
4263 500 331
4264 459 500
4265 421 480
4266 500 333
4267 500 333
4268 500 400
4269 500 500
4270 500 383
4271 401 500
4272 500 375
4273 333 500
4274 500 333
4275 500 357
4276 500 445
4277 499 500
4278 500 333
4279 332 500
4280 500 333
4281 387 500
4282 500 375
4283 500 418
4284 500 297
4285 500 375
4286 500 334
4287 500 281
4288 500 394
4289 500 333
4290 500 333
4291 500 375
4292 430 500
4293 500 436
4294 500 333
4295 364 500
4296 500 327
4297 500 335
4298 500 358
4299 500 358
4300 500 455
4301 500 382
4302 500 387
4303 500 333
4304 500 343
4305 500 500
4306 500 333
4307 500 333
4308 367 500
4309 500 431
4310 500 375
4311 500 333
4312 375 500
4313 500 347
4314 500 333
4315 500 333
4316 500 333
4317 500 334
4318 500 377
4319 500 414
4320 500 375
4321 500 426
4322 500 446
4323 454 341
4324 500 333
4325 333 500
4326 500 388
4327 500 438
4328 500 333
4329 500 383
4330 500 402
4331 500 333
4332 500 401
4333 358 500
4334 500 375
4335 194 181
4336 500 355
4337 288 298
4338 500 382
4339 410 500
4340 500 375
4341 400 500
4342 500 403
4343 330 219
4344 391 242
4345 500 375
4346 400 274
4347 500 394
4348 500 375
4349 400 500
4350 500 333
4351 362 500
4352 500 333
4353 337 500
4354 250 212
4355 450 343
4356 500 375
4357 461 489
4358 357 500
4359 436 500
4360 500 371
4361 250 247
4362 500 380
4363 400 361
4364 214 234
4365 500 383
4366 479 500
4367 500 371
4368 500 375
4369 500 387
4370 500 396
4371 500 444
4372 500 375
4373 500 333
4374 320 214
4375 500 400
4376 500 363
4377 500 366
4378 500 400
4379 500 499
4380 500 332
4381 500 333
4382 500 367
4383 372 500
4384 175 134
4385 500 375
4386 500 368
4387 500 468
4388 500 369
4389 500 478
4390 350 332
4391 500 337
4392 352 500
4393 500 372
4394 500 343
4395 500 363
4396 500 500
4397 500 342
4398 500 352
4399 500 357
4400 500 369
4401 488 500
4402 230 286
4403 500 328
4404 500 380
4405 500 378
4406 500 373
4407 500 370
4408 500 357
4409 500 368
4410 500 430
4411 461 500
4412 500 408
4413 375 500
4414 500 350
4415 500 333
4416 500 333
4417 500 376
4418 354 500
4419 500 397
4420 500 333
4421 500 377
4422 500 400
4423 500 375
4424 500 418
4425 500 344
4426 500 334
4427 500 375
4428 500 333
4429 500 332
4430 500 333
4431 500 333
4432 500 471
4433 439 500
4434 500 375
4435 500 375
4436 500 375
4437 500 318
4438 500 334
4439 500 333
4440 500 333
4441 500 389
4442 500 407
4443 500 334
4444 350 350
4445 500 424
4446 500 368
4447 500 330
4448 400 429
4449 350 261
4450 500 383
4451 333 500
4452 500 390
4453 334 500
4454 500 345
4455 369 500
4456 451 374
4457 500 333
4458 389 500
4459 461 500
4460 363 500
4461 357 500
4462 433 500
4463 500 344
4464 333 500
4465 230 158
4466 333 500
4467 500 335
4468 500 417
4469 473 500
4470 400 291
4471 375 500
4472 368 500
4473 500 412
4474 484 500
4475 489 500
4476 401 500
4477 500 400
4478 500 334
4479 333 500
4480 500 402
4481 500 379
4482 500 375
4483 500 394
4484 500 375
4485 500 334
4486 500 333
4487 497 398
4488 500 333
4489 500 483
4490 500 357
4491 500 375
4492 500 333
4493 500 268
4494 500 333
4495 500 332
4496 500 347
4497 432 346
4498 500 399
4499 469 500
4500 500 333
4501 333 500
4502 500 392
4503 500 334
4504 500 377
4505 500 334
4506 500 375
4507 500 500
4508 500 411
4509 500 488
4510 500 334
4511 500 375
4512 500 333
4513 500 500
4514 333 500
4515 500 333
4516 500 317
4517 357 500
4518 500 375
4519 336 500
4520 328 500
4521 337 500
4522 500 438
4523 500 200
4524 450 295
4525 500 357
4526 500 333
4527 500 375
4528 500 375
4529 500 333
4530 333 500
4531 333 500
4532 250 310
4533 500 333
4534 500 332
4535 450 305
4536 333 500
4537 500 341
4538 333 500
4539 500 400
4540 500 332
4541 500 332
4542 500 500
4543 333 500
4544 386 500
4545 500 376
4546 375 500
4547 500 401
4548 500 334
4549 500 409
4550 500 345
4551 500 332
4552 332 500
4553 500 333
4554 357 500
4555 372 500
4556 500 342
4557 500 281
4558 500 327
4559 400 500
4560 500 333
4561 500 357
4562 500 333
4563 415 500
4564 500 333
4565 500 417
4566 428 500
4567 500 375
4568 500 366
4569 500 333
4570 333 500
4571 500 383
4572 500 400
4573 500 333
4574 500 375
4575 500 358
4576 500 375
4577 500 333
4578 354 500
4579 500 339
4580 379 500
4581 356 500
4582 500 415
4583 500 324
4584 404 500
4585 431 500
4586 333 500
4587 500 344
4588 500 335
4589 419 500
4590 334 500
4591 500 374
4592 334 500
4593 500 320
4594 500 375
4595 500 374
4596 500 429
4597 500 400
4598 500 462
4599 500 362
4600 500 355
4601 500 333
4602 400 500
4603 333 500
4604 500 333
4605 500 435
4606 500 400
4607 500 375
4608 500 334
4609 333 500
4610 500 333
4611 500 309
4612 356 500
4613 500 334
4614 500 485
4615 500 400
4616 500 284
4617 500 473
4618 500 400
4619 500 337
4620 500 375
4621 500 375
4622 500 435
4623 500 375
4624 500 407
4625 500 375
4626 500 375
4627 500 392
4628 500 375
4629 500 375
4630 500 372
4631 500 375
4632 373 500
4633 500 334
4634 387 500
4635 475 500
4636 440 500
4637 500 333
4638 387 500
4639 500 375
4640 500 410
4641 500 309
4642 500 334
4643 500 363
4644 500 382
4645 441 500
4646 500 330
4647 500 353
4648 500 357
4649 500 389
4650 401 500
4651 500 375
4652 500 364
4653 500 500
4654 500 338
4655 454 500
4656 500 400
4657 500 331
4658 500 375
4659 500 436
4660 357 500
4661 437 500
4662 500 375
4663 500 333
4664 500 387
4665 500 333
4666 500 336
4667 500 357
4668 500 375
4669 500 400
4670 500 350
4671 500 376
4672 500 334
4673 500 443
4674 375 500
4675 500 333
4676 500 357
4677 500 333
4678 500 298
4679 465 500
4680 500 376
4681 500 333
4682 500 309
4683 500 400
4684 500 368
4685 500 333
4686 333 500
4687 500 333
4688 437 500
4689 500 375
4690 500 362
4691 400 307
4692 500 304
4693 500 405
4694 500 375
4695 500 322
4696 333 500
4697 500 332
4698 500 374
4699 500 400
4700 500 337
4701 500 333
4702 500 325
4703 500 332
4704 500 326
4705 500 333
4706 500 341
4707 500 334
4708 500 332
4709 500 349
4710 500 366
4711 500 500
4712 500 375
4713 500 400
4714 500 355
4715 403 500
4716 500 375
4717 500 479
4718 500 375
4719 500 334
4720 500 350
4721 500 357
4722 500 333
4723 500 386
4724 500 384
4725 500 420
4726 489 500
4727 500 332
4728 500 281
4729 500 400
4730 500 332
4731 500 333
4732 500 335
4733 500 375
4734 500 375
4735 484 500
4736 500 375
4737 375 500
4738 500 396
4739 500 332
4740 500 333
4741 500 494
4742 500 390
4743 500 365
4744 500 375
4745 500 375
4746 500 375
4747 491 500
4748 500 333
4749 500 500
4750 500 371
4751 500 310
4752 500 375
4753 500 375
4754 500 357
4755 332 500
4756 500 383
4757 500 375
4758 500 375
4759 345 500
4760 500 333
4761 500 314
4762 500 357
4763 500 334
4764 500 334
4765 332 500
4766 500 341
4767 500 333
4768 500 375
4769 500 473
4770 347 500
4771 500 339
4772 500 375
4773 500 375
4774 400 500
4775 500 407
4776 500 375
4777 429 500
4778 500 333
4779 407 500
4780 395 500
4781 375 500
4782 500 333
4783 500 333
4784 500 375
4785 359 500
4786 500 358
4787 500 313
4788 500 375
4789 500 333
4790 500 404
4791 500 329
4792 500 347
4793 500 409
4794 500 333
4795 500 371
4796 500 333
4797 500 361
4798 500 333
4799 500 487
4800 500 333
4801 500 375
4802 500 333
4803 500 375
4804 500 347
4805 450 500
4806 500 333
4807 500 334
4808 500 404
4809 500 331
4810 500 333
4811 500 332
4812 333 500
4813 500 346
4814 402 500
4815 500 354
4816 500 334
4817 334 500
4818 500 334
4819 500 360
4820 500 500
4821 500 331
4822 500 370
4823 500 396
4824 500 375
4825 500 324
4826 500 374
4827 399 500
4828 479 500
4829 500 246
4830 500 500
4831 500 333
4832 500 334
4833 500 333
4834 500 350
4835 500 375
4836 500 333
4837 500 335
4838 500 348
4839 500 350
4840 500 333
4841 500 438
4842 500 374
4843 500 359
4844 500 500
4845 500 400
4846 500 345
4847 500 410
4848 500 333
4849 500 500
4850 500 333
4851 500 365
4852 500 358
4853 500 462
4854 375 500
4855 330 220
4856 406 500
4857 500 300
4858 500 313
4859 458 500
4860 500 333
4861 500 427
4862 333 500
4863 500 465
4864 361 500
4865 500 375
4866 334 500
4867 500 334
4868 500 481
4869 500 333
4870 500 333
4871 436 500
4872 400 500
4873 500 385
4874 438 500
4875 500 335
4876 500 374
4877 500 375
4878 500 333
4879 498 500
4880 500 308
4881 334 500
4882 479 500
4883 500 325
4884 500 374
4885 500 333
4886 375 500
4887 333 500
4888 500 361
4889 375 500
4890 500 313
4891 500 459
4892 500 446
4893 432 500
4894 500 295
4895 500 475
4896 400 500
4897 500 333
4898 500 343
4899 375 500
4900 500 385
4901 500 375
4902 500 342
4903 500 333
4904 400 500
4905 500 371
4906 500 400
4907 500 333
4908 500 440
4909 500 381
4910 500 332
4911 500 355
4912 500 375
4913 500 333
4914 500 333
4915 500 334
4916 500 247
4917 400 500
4918 500 399
4919 375 500
4920 500 333
4921 500 375
4922 500 399
4923 497 500
4924 368 500
4925 500 352
4926 500 333
4927 500 366
4928 500 391
4929 500 489
4930 500 345
4931 500 364
4932 416 500
4933 500 421
4934 500 333
4935 500 416
4936 334 500
4937 500 363
4938 400 500
4939 500 417
4940 500 375
4941 333 500
4942 475 500
4943 500 333
4944 500 422
4945 500 259
4946 500 368
4947 339 500
4948 500 381
4949 500 477
4950 500 500
4951 500 391
4952 500 500
4953 500 355
4954 496 340
4955 500 367
4956 500 394
4957 500 375
4958 500 333
4959 500 411
4960 468 500
4961 500 333
4962 500 345
4963 479 500
4964 500 337
4965 500 375
4966 500 333
4967 500 375
4968 386 500
4969 334 500
4970 483 500
4971 500 369
4972 500 340
4973 375 500
4974 333 500
4975 500 334
4976 500 459
4977 333 500
4978 500 383
4979 500 415
4980 500 354
4981 500 405
4982 375 500
4983 362 500
4984 500 333
4985 500 388
4986 180 218
4987 500 347
4988 500 333
4989 500 380
4990 500 375
4991 461 307
4992 500 335
4993 500 369
4994 500 428
4995 500 333
4996 500 333
4997 500 334
4998 500 334
4999 490 500
5000 500 333
5001 500 334
5002 500 375
5003 500 333
5004 500 333
5005 500 334
5006 500 333
5007 388 500
5008 500 500
5009 500 332
5010 500 333
5011 500 375
5012 500 333
5013 500 333
5014 500 313
5015 500 375
5016 500 357
5017 500 333
5018 500 334
5019 500 351
5020 411 500
5021 500 333
5022 500 431
5023 500 344
5024 500 333
5025 341 500
5026 500 500
5027 500 333
5028 500 366
5029 485 500
5030 500 387
5031 274 326
5032 500 333
5033 500 333
5034 500 400
5035 500 334
5036 500 437
5037 500 333
5038 500 417
5039 499 409
5040 500 375
5041 500 400
5042 500 335
5043 500 375
5044 400 500
5045 500 500
5046 500 357
5047 500 429
5048 500 336
5049 500 360
5050 379 500
5051 500 333
5052 500 334
5053 500 332
5054 500 387
5055 500 333
5056 500 333
5057 500 333
5058 500 250
5059 500 333
5060 445 500
5061 500 295
5062 500 384
5063 483 500
5064 500 337
5065 500 500
5066 500 397
5067 500 375
5068 500 332
5069 500 375
5070 500 446
5071 500 334
5072 500 333
5073 500 393
5074 500 350
5075 500 387
5076 500 362
5077 500 313
5078 500 457
5079 500 335
5080 500 315
5081 500 390
5082 500 390
5083 353 500
5084 500 387
5085 500 333
5086 500 375
5087 500 365
5088 500 375
5089 500 260
5090 333 500
5091 500 333
5092 500 334
5093 294 500
5094 500 354
5095 500 325
5096 500 375
5097 500 411
5098 500 357
5099 500 304
5100 500 368
5101 500 489
5102 500 357
5103 492 500
5104 500 429
5105 500 333
5106 500 369
5107 500 334
5108 481 319
5109 500 355
5110 357 500
5111 500 349
5112 500 331
5113 500 375
5114 500 387
5115 500 400
5116 500 361
5117 500 343
5118 500 333
5119 500 333
5120 500 333
5121 500 333
5122 500 382
5123 500 363
5124 500 343
5125 500 334
5126 500 427
5127 500 375
5128 357 500
5129 500 333
5130 500 333
5131 500 334
5132 500 309
5133 424 500
5134 500 388
5135 332 500
5136 500 335
5137 500 357
5138 500 314
5139 426 500
5140 500 375
5141 500 354
5142 500 337
5143 500 333
5144 500 305
5145 500 333
5146 500 348
5147 500 308
5148 500 354
5149 500 357
5150 500 333
5151 500 366
5152 500 333
5153 500 391
5154 334 500
5155 500 362
5156 500 375
5157 500 353
5158 420 280
5159 500 332
5160 500 333
5161 500 333
5162 500 335
5163 500 334
5164 500 357
5165 500 333
5166 500 331
5167 500 436
5168 500 323
5169 333 500
5170 500 341
5171 500 500
5172 500 415
5173 400 500
5174 500 400
5175 500 333
5176 500 332
5177 500 333
5178 329 500
5179 500 401
5180 500 333
5181 500 332
5182 332 500
5183 500 346
5184 500 343
5185 500 333
5186 500 334
5187 500 450
5188 500 370
5189 500 375
5190 500 357
5191 431 500
5192 500 320
5193 500 334
5194 500 371
5195 500 358
5196 500 333
5197 500 333
5198 436 500
5199 500 332
5200 500 357
5201 500 332
5202 500 348
5203 500 350
5204 500 333
5205 500 327
5206 500 333
5207 500 375
5208 500 334
5209 500 352
5210 500 333
5211 500 390
5212 500 333
5213 500 424
5214 500 333
5215 500 332
5216 500 334
5217 500 376
5218 500 333
5219 500 373
5220 500 333
5221 500 374
5222 500 456
5223 500 354
5224 500 289
5225 500 375
5226 500 331
5227 500 406
5228 500 281
5229 500 375
5230 500 337
5231 479 500
5232 500 371
5233 500 375
5234 500 333
5235 500 420
5236 500 336
5237 425 500
5238 500 341
5239 500 334
5240 500 397
5241 500 375
5242 500 341
5243 500 375
5244 449 500
5245 500 334
5246 500 389
5247 500 400
5248 500 333
5249 357 500
5250 500 333
5251 500 333
5252 330 270
5253 500 375
5254 500 318
5255 298 309
5256 500 328
5257 500 358
5258 307 260
5259 500 356
5260 500 343
5261 380 500
5262 500 500
5263 500 402
5264 240 240
5265 450 361
5266 500 335
5267 500 403
5268 500 333
5269 400 325
5270 408 280
5271 500 333
5272 500 375
5273 500 332
5274 500 375
5275 500 304
5276 500 332
5277 500 346
5278 500 375
5279 500 420
5280 500 334
5281 500 369
5282 500 400
5283 500 340
5284 500 376
5285 500 375
5286 400 500
5287 500 431
5288 500 375
5289 500 375
5290 500 323
5291 500 341
5292 357 500
5293 500 348
5294 500 335
5295 500 443
5296 500 305
5297 500 436
5298 500 400
5299 500 344
5300 375 500
5301 500 399
5302 397 500
5303 500 344
5304 500 375
5305 500 337
5306 500 396
5307 500 333
5308 500 333
5309 500 333
5310 500 464
5311 500 399
5312 500 317
5313 275 275
5314 333 500
5315 500 337
5316 500 333
5317 495 500
5318 400 500
5319 500 375
5320 500 290
5321 500 274
5322 499 500
5323 472 500
5324 355 266
5325 440 439
5326 500 375
5327 500 333
5328 500 375
5329 167 204
5330 500 333
5331 500 375
5332 334 500
5333 500 375
5334 500 375
5335 500 400
5336 500 375
5337 500 353
5338 500 375
5339 370 461
5340 500 335
5341 375 500
5342 500 358
5343 500 333
5344 500 330
5345 500 405
5346 500 426
5347 500 428
5348 500 292
5349 500 357
5350 500 371
5351 500 333
5352 197 139
5353 500 334
5354 500 356
5355 500 331
5356 500 331
5357 500 333
5358 480 384
5359 500 375
5360 360 268
5361 500 500
5362 350 350
5363 500 333
5364 500 410
5365 500 348
5366 350 334
5367 500 350
5368 480 384
5369 250 170
5370 500 343
5371 500 375
5372 500 326
5373 500 500
5374 500 347
5375 500 484
5376 500 378
5377 280 146
5378 500 357
5379 500 351
5380 300 238
5381 500 394
5382 500 333
5383 400 500
5384 500 350
5385 388 500
5386 500 466
5387 500 352
5388 500 331
5389 500 400
5390 500 312
5391 393 500
5392 500 333
5393 500 320
5394 500 386
5395 500 441
5396 500 333
5397 500 333
5398 500 373
5399 500 382
5400 500 334
5401 500 500
5402 500 445
5403 500 333
5404 453 500
5405 500 377
5406 461 500
5407 500 326
5408 334 500
5409 500 333
5410 500 500
5411 500 334
5412 500 375
5413 335 500
5414 500 274
5415 500 422
5416 500 375
5417 391 500
5418 500 333
5419 500 333
5420 340 334
5421 500 500
5422 500 346
5423 357 500
5424 500 333
5425 500 410
5426 418 500
5427 230 159
5428 500 295
5429 500 375
5430 500 358
5431 500 333
5432 480 336
5433 500 331
5434 411 395
5435 500 399
5436 500 333
5437 500 357
5438 500 361
5439 500 411
5440 500 339
5441 300 250
5442 400 261
5443 457 312
5444 500 333
5445 500 327
5446 500 369
5447 500 500
5448 340 240
5449 500 375
5450 400 290
5451 500 399
5452 500 333
5453 500 351
5454 500 363
5455 500 333
5456 500 334
5457 500 400
5458 500 379
5459 500 335
5460 500 357
5461 500 468
5462 500 362
5463 500 499
5464 500 420
5465 500 333
5466 500 381
5467 333 500
5468 500 357
5469 500 400
5470 400 290
5471 500 290
5472 333 500
5473 500 401
5474 500 357
5475 500 351
5476 500 363
5477 400 500
5478 500 380
5479 500 419
5480 500 325
5481 400 500
5482 335 500
5483 500 375
5484 500 333
5485 500 368
5486 500 375
5487 500 383
5488 500 354
5489 500 351
5490 392 500
5491 500 376
5492 484 323
5493 500 296
5494 396 500
5495 500 335
5496 500 334
5497 400 500
5498 500 344
5499 500 371
5500 500 318
5501 500 333
5502 500 333
5503 500 400
5504 500 333
5505 403 500
5506 500 375
5507 500 311
5508 500 400
5509 500 370
5510 470 500
5511 500 375
5512 500 333
5513 500 333
5514 500 333
5515 500 332
5516 500 333
5517 375 500
5518 500 466
5519 500 388
5520 500 379
5521 420 280
5522 500 444
5523 500 335
5524 500 346
5525 500 324
5526 400 500
5527 500 332
5528 500 280
5529 404 500
5530 500 333
5531 476 500
5532 500 355
5533 500 375
5534 500 333
5535 500 308
5536 500 388
5537 364 500
5538 500 335
5539 500 379
5540 500 445
5541 327 500
5542 500 390
5543 500 333
5544 500 333
5545 407 324
5546 500 357
5547 500 441
5548 400 500
5549 500 342
5550 500 353
5551 500 400
5552 500 376
5553 500 378
5554 500 452
5555 500 349
5556 500 489
5557 401 500
5558 363 500
5559 320 254
5560 500 375
5561 500 364
5562 500 339
5563 500 404
5564 500 333
5565 500 332
5566 382 500
5567 450 344
5568 500 427
5569 500 312
5570 500 386
5571 500 352
5572 375 500
5573 500 333
5574 500 333
5575 500 398
5576 500 333
5577 325 266
5578 320 224
5579 500 400
5580 450 500
5581 400 373
5582 500 354
5583 500 375
5584 500 335
5585 413 500
5586 500 349
5587 500 351
5588 500 357
5589 500 388
5590 500 385
5591 428 338
5592 500 400
5593 500 358
5594 500 396
5595 500 333
5596 400 314
5597 500 384
5598 500 364
5599 500 393
5600 500 333
5601 500 400
5602 200 247
5603 400 305
5604 500 333
5605 500 357
5606 500 356
5607 340 297
5608 500 333
5609 500 333
5610 500 400
5611 500 333
5612 500 333
5613 500 417
5614 500 375
5615 350 350
5616 500 419
5617 500 325
5618 500 333
5619 500 335
5620 500 257
5621 500 334
5622 500 500
5623 500 464
5624 300 240
5625 500 400
5626 396 286
5627 500 357
5628 500 237
5629 500 332
5630 397 500
5631 500 317
5632 500 333
5633 397 500
5634 500 332
5635 500 332
5636 500 359
5637 500 375
5638 500 333
5639 500 375
5640 500 375
5641 500 401
5642 375 500
5643 500 276
5644 500 335
5645 452 500
5646 500 351
5647 500 316
5648 500 387
5649 500 473
5650 500 333
5651 500 376
5652 500 333
5653 500 334
5654 500 400
5655 500 400
5656 333 500
5657 500 334
5658 500 377
5659 500 397
5660 500 375
5661 500 426
5662 500 333
5663 500 375
5664 500 400
5665 373 500
5666 500 375
5667 500 392
5668 333 500
5669 500 355
5670 500 394
5671 500 332
5672 500 333
5673 500 352
5674 500 396
5675 500 363
5676 357 500
5677 500 357
5678 500 333
5679 500 371
5680 500 375
5681 413 500
5682 500 353
5683 500 375
5684 500 349
5685 500 367
5686 500 400
5687 500 335
5688 500 337
5689 500 370
5690 500 328
5691 500 333
5692 500 333
5693 500 333
5694 500 261
5695 500 334
5696 500 357
5697 500 457
5698 500 333
5699 500 348
5700 500 375
5701 389 500
5702 420 280
5703 500 333
5704 475 500
5705 500 380
5706 500 393
5707 500 345
5708 500 357
5709 500 375
5710 376 500
5711 500 334
5712 378 500
5713 500 442
5714 500 363
5715 500 400
5716 500 379
5717 500 367
5718 500 335
5719 500 364
5720 333 500
5721 500 333
5722 332 500
5723 400 500
5724 500 400
5725 500 489
5726 500 335
5727 500 333
5728 500 383
5729 500 375
5730 500 358
5731 472 500
5732 500 333
5733 500 375
5734 500 333
5735 500 375
5736 500 389
5737 500 333
5738 500 374
5739 500 352
5740 500 400
5741 500 333
5742 500 488
5743 500 369
5744 500 333
5745 375 500
5746 500 334
5747 500 333
5748 500 334
5749 500 330
5750 500 375
5751 500 420
5752 500 411
5753 500 375
5754 500 333
5755 500 375
5756 500 335
5757 500 500
5758 500 400
5759 474 500
5760 500 288
5761 500 375
5762 500 364
5763 500 330
5764 500 352
5765 500 456
5766 420 280
5767 500 458
5768 500 408
5769 500 333
5770 500 333
5771 500 339
5772 377 500
5773 500 333
5774 398 500
5775 500 333
5776 500 400
5777 500 441
5778 500 375
5779 500 375
5780 485 500
5781 500 363
5782 500 332
5783 500 332
5784 500 281
5785 500 376
5786 500 368
5787 500 477
5788 500 384
5789 500 333
5790 398 500
5791 500 339
5792 404 500
5793 420 280
5794 500 333
5795 500 381
5796 500 333
5797 500 375
5798 500 333
5799 500 412
5800 500 401
5801 500 358
5802 500 323
5803 500 375
5804 500 351
5805 500 399
5806 500 440
5807 500 375
5808 500 412
5809 370 347
5810 500 361
5811 500 365
5812 500 333
5813 300 238
5814 500 335
5815 500 361
5816 500 381
5817 500 333
5818 500 375
5819 401 336
5820 500 332
5821 283 221
5822 500 375
5823 500 400
5824 500 338
5825 500 329
5826 500 331
5827 500 421
5828 500 408
5829 500 400
5830 334 500
5831 500 333
5832 500 375
5833 500 326
5834 500 333
5835 250 185
5836 434 385
5837 500 357
5838 382 500
5839 166 200
5840 500 369
5841 500 500
5842 500 326
5843 180 180
5844 500 360
5845 500 286
5846 500 332
5847 500 375
5848 500 500
5849 500 332
5850 500 343
5851 500 400
5852 500 333
5853 500 473
5854 500 307
5855 500 333
5856 500 333
5857 500 333
5858 500 332
5859 500 333
5860 500 500
5861 375 500
5862 500 375
5863 500 360
5864 500 334
5865 500 397
5866 500 339
5867 500 393
5868 500 500
5869 375 500
5870 500 375
5871 500 362
5872 500 369
5873 500 458
5874 449 500
5875 500 375
5876 500 332
5877 426 500
5878 500 402
5879 500 333
5880 500 343
5881 500 320
5882 500 333
5883 500 333
5884 500 347
5885 403 500
5886 500 368
5887 225 225
5888 394 336
5889 300 400
5890 320 295
5891 140 139
5892 500 409
5893 500 339
5894 500 333
5895 417 500
5896 500 380
5897 500 500
5898 500 353
5899 500 333
5900 250 242
5901 500 357
5902 500 398
5903 250 263
5904 500 305
5905 500 369
5906 500 334
5907 277 431
5908 500 334
5909 400 249
5910 500 359
5911 500 354
5912 335 500
5913 350 262
5914 500 313
5915 500 333
5916 500 333
5917 400 309
5918 500 375
5919 500 376
5920 500 333
5921 350 350
5922 500 333
5923 334 500
5924 500 404
5925 500 334
5926 500 350
5927 500 355
5928 500 357
5929 500 325
5930 500 401
5931 500 333
5932 500 333
5933 500 333
5934 500 357
5935 500 378
5936 500 335
5937 500 375
5938 500 333
5939 500 384
5940 500 400
5941 475 361
5942 441 500
5943 500 390
5944 500 333
5945 500 492
5946 500 331
5947 500 400
5948 240 195
5949 500 350
5950 500 349
5951 500 360
5952 500 375
5953 500 500
5954 500 375
5955 500 339
5956 375 500
5957 500 330
5958 500 344
5959 500 461
5960 500 354
5961 375 500
5962 500 382
5963 500 332
5964 276 248
5965 500 375
5966 500 333
5967 500 314
5968 500 332
5969 500 341
5970 500 375
5971 500 359
5972 500 334
5973 500 245
5974 500 346
5975 500 364
5976 500 333
5977 500 375
5978 500 358
5979 360 360
5980 500 333
5981 500 333
5982 500 318
5983 500 334
5984 500 375
5985 357 238
5986 375 500
5987 444 360
5988 500 380
5989 500 394
5990 400 500
5991 500 333
5992 500 333
5993 500 395
5994 500 359
5995 466 500
5996 500 332
5997 500 332
5998 410 500
5999 500 333
6000 500 375
6001 500 333
6002 500 368
6003 500 387
6004 500 333
6005 500 333
6006 500 333
6007 500 333
6008 500 400
6009 500 357
6010 500 415
6011 500 342
6012 500 280
6013 500 435
6014 500 333
6015 500 428
6016 500 337
6017 500 332
6018 500 373
6019 333 500
6020 500 381
6021 500 350
6022 453 500
6023 500 333
6024 500 333
6025 500 500
6026 500 361
6027 500 400
6028 500 401
6029 500 340
6030 500 366
6031 500 397
6032 500 388
6033 500 375
6034 500 333
6035 500 333
6036 500 350
6037 500 352
6038 500 334
6039 500 333
6040 500 400
6041 500 367
6042 500 334
6043 500 358
6044 500 375
6045 500 360
6046 500 332
6047 334 500
6048 500 333
6049 320 254
6050 500 281
6051 236 249
6052 341 500
6053 420 280
6054 500 367
6055 500 333
6056 500 400
6057 500 393
6058 400 318
6059 500 333
6060 468 342
6061 500 377
6062 500 333
6063 140 145
6064 500 334
6065 500 374
6066 500 358
6067 500 399
6068 500 262
6069 500 343
6070 357 500
6071 500 357
6072 500 333
6073 500 441
6074 500 335
6075 500 403
6076 400 500
6077 500 364
6078 500 396
6079 500 333
6080 464 500
6081 500 375
6082 500 367
6083 500 333
6084 422 500
6085 500 376
6086 500 333
6087 500 357
6088 500 397
6089 500 377
6090 500 500
6091 452 500
6092 500 292
6093 500 340
6094 500 329
6095 500 357
6096 500 333
6097 500 333
6098 500 334
6099 500 375
6100 500 394
6101 325 500
6102 500 333
6103 400 500
6104 500 333
6105 500 338
6106 500 334
6107 356 500
6108 500 275
6109 500 346
6110 500 354
6111 500 333
6112 500 375
6113 500 333
6114 500 400
6115 500 375
6116 450 324
6117 500 500
6118 500 333
6119 500 330
6120 500 379
6121 500 365
6122 420 280
6123 500 325
6124 486 500
6125 500 335
6126 500 333
6127 500 334
6128 500 333
6129 500 370
6130 500 375
6131 500 398
6132 500 375
6133 500 355
6134 357 500
6135 362 500
6136 500 357
6137 500 357
6138 500 367
6139 500 377
6140 500 333
6141 330 403
6142 500 375
6143 500 389
6144 500 333
6145 500 335
6146 500 333
6147 500 375
6148 398 500
6149 498 500
6150 500 388
6151 500 333
6152 500 334
6153 500 375
6154 500 333
6155 500 329
6156 360 240
6157 500 333
6158 500 333
6159 500 333
6160 372 500
6161 500 295
6162 500 448
6163 500 477
6164 500 342
6165 500 241
6166 500 332
6167 500 452
6168 375 500
6169 500 333
6170 500 351
6171 500 281
6172 500 380
6173 500 359
6174 500 363
6175 500 368
6176 500 375
6177 500 333
6178 500 500
6179 500 484
6180 500 407
6181 500 333
6182 500 313
6183 500 377
6184 441 500
6185 500 333
6186 500 400
6187 500 375
6188 500 356
6189 500 400
6190 500 379
6191 500 368
6192 500 488
6193 341 500
6194 500 500
6195 500 330
6196 500 400
6197 500 333
6198 500 343
6199 500 400
6200 500 375
6201 500 334
6202 500 333
6203 500 375
6204 500 375
6205 500 373
6206 500 375
6207 500 371
6208 500 375
6209 500 333
6210 476 500
6211 500 378
6212 484 500
6213 500 358
6214 500 333
6215 426 457
6216 500 381
6217 500 333
6218 500 375
6219 500 500
6220 500 377
6221 500 372
6222 500 377
6223 500 375
6224 500 364
6225 500 333
6226 500 314
6227 500 409
6228 500 340
6229 333 500
6230 500 357
6231 500 375
6232 500 466
6233 500 405
6234 500 400
6235 500 385
6236 500 380
6237 357 500
6238 500 321
6239 500 306
6240 500 357
6241 500 333
6242 428 500
6243 333 500
6244 500 338
6245 500 382
6246 500 333
6247 500 400
6248 500 328
6249 500 357
6250 500 400
6251 500 400
6252 500 333
6253 500 333
6254 500 400
6255 500 362
6256 500 388
6257 363 500
6258 333 500
6259 334 500
6260 500 409
6261 500 354
6262 500 334
6263 500 458
6264 500 333
6265 500 325
6266 500 333
6267 500 333
6268 500 342
6269 500 333
6270 500 339
6271 500 332
6272 500 410
6273 500 375
6274 500 357
6275 432 376
6276 500 333
6277 500 333
6278 500 333
6279 500 344
6280 500 403
6281 500 375
6282 500 403
6283 500 364
6284 500 333
6285 500 367
6286 500 365
6287 500 375
6288 500 357
6289 500 333
6290 500 333
6291 500 335
6292 500 393
6293 420 280
6294 500 386
6295 500 400
6296 500 348
6297 500 333
6298 500 333
6299 500 375
6300 500 375
6301 411 500
6302 500 375
6303 452 336
6304 500 357
6305 441 500
6306 500 385
6307 500 375
6308 500 404
6309 500 400
6310 387 500
6311 500 333
6312 400 500
6313 500 360
6314 500 355
6315 500 375
6316 500 375
6317 389 500
6318 500 376
6319 500 292
6320 500 333
6321 500 474
6322 400 300
6323 500 333
6324 418 500
6325 500 500
6326 500 333
6327 375 500
6328 500 375
6329 500 335
6330 500 430
6331 500 333
6332 500 399
6333 500 384
6334 500 362
6335 400 300
6336 500 333
6337 456 372
6338 500 333
6339 500 435
6340 500 332
6341 314 325
6342 500 333
6343 451 500
6344 466 307
6345 333 500
6346 350 237
6347 500 333
6348 333 500
6349 200 133
6350 500 385
6351 404 356
6352 500 415
6353 365 500
6354 500 355
6355 361 500
6356 360 240
6357 466 500
6358 500 375
6359 500 375
6360 500 329
6361 500 360
6362 500 333
6363 500 333
6364 400 500
6365 500 379
6366 342 500
6367 375 500
6368 500 401
6369 500 375
6370 333 500
6371 500 353
6372 500 395
6373 500 335
6374 500 332
6375 500 315
6376 500 375
6377 333 500
6378 442 291
6379 500 333
6380 500 325
6381 500 375
6382 500 406
6383 500 324
6384 500 370
6385 500 334
6386 500 326
6387 500 333
6388 500 409
6389 500 375
6390 322 403
6391 500 334
6392 500 336
6393 500 336
6394 500 399
6395 500 333
6396 500 399
6397 500 375
6398 500 400
6399 500 367
6400 400 500
6401 500 332
6402 500 381
6403 500 359
6404 500 334
6405 500 333
6406 500 356
6407 500 375
6408 500 498
6409 451 500
6410 500 400
6411 333 500
6412 500 400
6413 500 376
6414 500 346
6415 334 500
6416 500 334
6417 500 434
6418 500 322
6419 500 400
6420 500 419
6421 500 307
6422 500 500
6423 500 333
6424 500 400
6425 500 445
6426 500 381
6427 400 301
6428 350 250
6429 500 357
6430 261 253
6431 500 333
6432 500 400
6433 500 375
6434 500 334
6435 500 371
6436 500 334
6437 397 285
6438 500 265
6439 500 500
6440 500 332
6441 500 333
6442 140 170
6443 500 483
6444 500 295
6445 500 365
6446 500 353
6447 500 300
6448 443 500
6449 500 312
6450 250 295
6451 500 394
6452 500 386
6453 500 376
6454 500 340
6455 500 272
6456 500 388
6457 500 357
6458 500 389
6459 320 500
6460 400 320
6461 500 333
6462 500 333
6463 500 330
6464 339 500
6465 500 375
6466 500 386
6467 500 333
6468 500 375
6469 500 356
6470 500 399
6471 360 458
6472 313 500
6473 386 500
6474 500 375
6475 500 375
6476 500 333
6477 500 342
6478 500 407
6479 500 400
6480 500 400
6481 336 500
6482 500 375
6483 500 331
6484 500 333
6485 500 333
6486 500 339
6487 500 500
6488 500 375
6489 500 357
6490 500 481
6491 500 357
6492 500 333
6493 500 333
6494 375 500
6495 445 500
6496 500 333
6497 411 500
6498 500 382
6499 399 500
6500 500 336
6501 500 357
6502 500 333
6503 400 500
6504 500 408
6505 500 495
6506 500 375
6507 500 333
6508 500 333
6509 500 333
6510 500 400
6511 500 333
6512 500 333
6513 500 333
6514 500 333
6515 500 389
6516 500 349
6517 500 356
6518 500 454
6519 500 374
6520 500 346
6521 500 338
6522 500 367
6523 500 406
6524 500 400
6525 345 500
6526 500 339
6527 500 461
6528 500 333
6529 500 327
6530 318 223
6531 500 333
6532 500 337
6533 500 373
6534 500 333
6535 500 393
6536 500 333
6537 500 432
6538 468 275
6539 500 258
6540 396 288
6541 500 333
6542 400 500
6543 500 333
6544 311 288
6545 500 342
6546 500 419
6547 500 357
6548 500 351
6549 400 267
6550 500 333
6551 500 333
6552 500 375
6553 500 483
6554 306 375
6555 500 375
6556 500 339
6557 400 293
6558 390 500
6559 500 315
6560 500 333
6561 500 500
6562 500 422
6563 350 350
6564 500 375
6565 420 280
6566 437 298
6567 400 311
6568 500 353
6569 500 358
6570 230 163
6571 400 301
6572 500 375
6573 442 500
6574 500 333
6575 500 333
6576 334 500
6577 500 375
6578 500 334
6579 500 333
6580 500 386
6581 500 400
6582 333 500
6583 500 375
6584 500 357
6585 500 336
6586 450 334
6587 290 242
6588 240 300
6589 500 428
6590 500 421
6591 500 495
6592 395 462
6593 334 500
6594 500 392
6595 500 303
6596 500 333
6597 500 382
6598 500 339
6599 500 479
6600 496 500
6601 334 500
6602 500 347
6603 480 500
6604 375 500
6605 500 333
6606 415 500
6607 152 200
6608 483 500
6609 500 400
6610 500 333
6611 400 500
6612 500 383
6613 333 500
6614 413 500
6615 398 500
6616 500 376
6617 400 500
6618 339 500
6619 418 500
6620 500 375
6621 333 500
6622 500 329
6623 500 358
6624 388 500
6625 333 500
6626 500 500
6627 317 500
6628 480 500
6629 399 500
6630 347 500
6631 357 500
6632 500 500
6633 500 399
6634 500 331
6635 500 370
6636 500 333
6637 500 375
6638 500 375
6639 398 500
6640 500 334
6641 391 500
6642 500 402
6643 496 500
6644 400 500
6645 341 500
6646 333 500
6647 397 500
6648 357 500
6649 333 500
6650 416 500
6651 500 500
6652 438 470
6653 500 335
6654 333 500
6655 333 500
6656 500 139
6657 390 500
6658 500 332
6659 500 401
6660 345 432
6661 230 327
6662 280 399
6663 375 500
6664 410 500
6665 420 500
6666 430 500
6667 300 314
6668 393 500
6669 333 500
6670 468 327
6671 468 342
6672 500 375
6673 375 500
6674 500 375
6675 372 500
6676 333 500
6677 348 500
6678 500 432
6679 350 500
6680 500 333
6681 500 314
6682 441 500
6683 500 444
6684 312 500
6685 330 500
6686 500 381
6687 375 500
6688 481 500
6689 400 500
6690 375 500
6691 333 500
6692 491 500
6693 366 500
6694 500 365
6695 400 500
6696 500 333
6697 500 375
6698 333 500
6699 500 347
6700 500 375
6701 500 436
6702 500 500
6703 362 500
6704 500 333
6705 400 500
6706 386 500
6707 400 500
6708 436 500
6709 500 375
6710 354 500
6711 375 500
6712 400 500
6713 500 332
6714 400 500
6715 500 400
6716 500 332
6717 375 500
6718 317 500
6719 500 375
6720 413 500
6721 373 480
6722 500 476
6723 500 404
6724 343 500
6725 500 393
6726 500 396
6727 333 500
6728 500 333
6729 500 432
6730 466 500
6731 500 364
6732 500 400
6733 356 500
6734 500 375
6735 500 418
6736 500 453
6737 400 500
6738 500 425
6739 333 500
6740 500 375
6741 500 333
6742 330 500
6743 500 234
6744 500 375
6745 500 481
6746 500 375
6747 350 330
6748 300 463
6749 500 396
6750 178 179
6751 333 500
6752 387 500
6753 200 293
6754 317 500
6755 500 366
6756 375 500
6757 190 184
6758 500 338
6759 500 435
6760 160 234
6761 500 378
6762 500 333
6763 333 500
6764 326 500
6765 333 500
6766 239 300
6767 333 500
6768 333 500
6769 375 500
6770 383 500
6771 500 396
6772 259 500
6773 500 340
6774 333 500
6775 300 483
6776 255 427
6777 300 449
6778 333 500
6779 500 333
6780 355 500
6781 400 500
6782 500 375
6783 500 312
6784 500 353
6785 437 500
6786 500 350
6787 464 397
6788 500 333
6789 335 500
6790 500 400
6791 500 375
6792 376 500
6793 387 500
6794 500 332
6795 335 500
6796 354 500
6797 357 500
6798 254 356
6799 333 500
6800 500 334
6801 435 500
6802 378 500
6803 500 375
6804 500 375
6805 500 352
6806 500 418
6807 500 332
6808 500 359
6809 333 500
6810 399 500
6811 500 413
6812 370 500
6813 500 357
6814 424 500
6815 335 500
6816 406 500
6817 484 500
6818 500 335
6819 500 333
6820 432 500
6821 375 500
6822 500 357
6823 386 500
6824 400 500
6825 393 500
6826 465 500
6827 500 365
6828 333 500
6829 500 400
6830 333 500
6831 500 400
6832 341 500
6833 386 500
6834 333 500
6835 384 500
6836 500 354
6837 500 357
6838 364 500
6839 500 375
6840 500 333
6841 500 400
6842 500 449
6843 500 375
6844 500 433
6845 305 500
6846 333 500
6847 500 370
6848 352 500
6849 322 500
6850 464 500
6851 318 500
6852 500 374
6853 500 492
6854 500 304
6855 500 334
6856 358 500
6857 500 320
6858 500 367
6859 500 333
6860 500 352
6861 500 375
6862 484 500
6863 500 309
6864 500 383
6865 500 335
6866 500 333
6867 500 376
6868 333 500
6869 500 342
6870 500 333
6871 500 451
6872 500 375
6873 500 394
6874 435 500
6875 500 357
6876 423 344
6877 500 333
6878 500 386
6879 500 390
6880 500 375
6881 341 500
6882 500 305
6883 500 333
6884 500 400
6885 500 334
6886 500 359
6887 500 481
6888 500 373
6889 376 500
6890 500 375
6891 500 495
6892 361 500
6893 500 334
6894 500 500
6895 500 375
6896 333 500
6897 500 375
6898 333 500
6899 500 455
6900 500 375
6901 500 333
6902 432 418
6903 500 438
6904 351 500
6905 500 333
6906 391 500
6907 500 333
6908 458 500
6909 500 375
6910 500 469
6911 500 398
6912 280 420
6913 378 500
6914 500 383
6915 500 375
6916 500 300
6917 500 500
6918 500 400
6919 500 375
6920 400 500
6921 500 293
6922 500 375
6923 500 497
6924 500 372
6925 500 318
6926 500 375
6927 500 378
6928 500 421
6929 353 500
6930 500 336
6931 500 333
6932 500 333
6933 500 395
6934 500 375
6935 500 351
6936 500 348
6937 500 333
6938 500 359
6939 500 402
6940 500 333
6941 361 500
6942 334 500
6943 500 462
6944 500 400
6945 500 358
6946 394 500
6947 500 498
6948 500 333
6949 500 327
6950 500 334
6951 500 361
6952 500 333
6953 500 333
6954 500 357
6955 500 375
6956 500 400
6957 333 500
6958 500 375
6959 500 333
6960 500 333
6961 333 500
6962 500 402
6963 500 365
6964 500 385
6965 500 375
6966 500 333
6967 500 375
6968 395 500
6969 334 500
6970 500 307
6971 500 337
6972 500 448
6973 500 334
6974 500 344
6975 500 396
6976 500 384
6977 500 372
6978 500 317
6979 500 400
6980 500 375
6981 500 339
6982 500 332
6983 500 361
6984 500 408
6985 500 405
6986 500 330
6987 500 386
6988 500 389
6989 500 320
6990 500 333
6991 500 333
6992 500 375
6993 500 400
6994 500 375
6995 500 430
6996 500 370
6997 500 404
6998 500 356
6999 500 377
7000 500 314
7001 500 375
7002 458 500
7003 500 333
7004 500 455
7005 500 407
7006 500 333
7007 413 500
7008 500 333
7009 500 375
7010 333 500
7011 500 386
7012 500 354
7013 500 356
7014 448 500
7015 500 360
7016 500 375
7017 400 267
7018 500 397
7019 500 395
7020 500 332
7021 357 500
7022 500 500
7023 324 500
7024 500 333
7025 500 333
7026 500 422
7027 324 500
7028 500 375
7029 485 500
7030 500 410
7031 500 332
7032 500 435
7033 500 333
7034 386 500
7035 500 361
7036 500 333
7037 500 334
7038 426 500
7039 500 333
7040 500 375
7041 500 452
7042 500 333
7043 421 500
7044 445 500
7045 500 335
7046 500 400
7047 500 365
7048 500 357
7049 500 333
7050 500 357
7051 500 374
7052 500 367
7053 500 333
7054 500 375
7055 500 392
7056 500 387
7057 500 370
7058 500 473
7059 500 335
7060 357 500
7061 500 375
7062 333 500
7063 500 354
7064 500 325
7065 500 383
7066 500 357
7067 500 333
7068 500 363
7069 500 333
7070 500 338
7071 500 333
7072 500 332
7073 500 375
7074 500 500
7075 500 371
7076 500 333
7077 500 356
7078 355 500
7079 500 334
7080 500 398
7081 500 359
7082 500 255
7083 432 500
7084 500 405
7085 500 375
7086 500 333
7087 500 333
7088 500 333
7089 500 335
7090 500 373
7091 500 332
7092 500 400
7093 500 335
7094 500 337
7095 500 357
7096 500 382
7097 500 344
7098 350 500
7099 500 334
7100 500 375
7101 500 333
7102 500 325
7103 335 500
7104 500 436
7105 500 347
7106 500 333
7107 500 369
7108 500 309
7109 500 338
7110 500 335
7111 500 281
7112 500 375
7113 500 386
7114 500 493
7115 500 332
7116 500 333
7117 500 407
7118 469 407
7119 500 388
7120 500 400
7121 500 332
7122 500 333
7123 500 416
7124 357 500
7125 500 333
7126 500 333
7127 500 333
7128 500 500
7129 414 500
7130 500 375
7131 500 333
7132 500 333
7133 400 500
7134 500 375
7135 500 333
7136 500 400
7137 500 333
7138 483 500
7139 500 385
7140 500 333
7141 500 361
7142 357 500
